1.500000014056983666e+01 1.148936195721265818e+01 1.500000000000000000e+00
1.499999967181493510e+01 1.723404312888215273e+01 1.500000000000000000e+00
1.500000032390141413e+01 2.297872338807421499e+01 1.500000000000000000e+00
1.500000028233106875e+01 2.872340402236217471e+01 1.500000000000000000e+00
1.500000034859316322e+01 3.446808370605592131e+01 1.500000000000000000e+00
1.499999962325853708e+01 4.021276690707295387e+01 1.500000000000000000e+00
1.499999974148113502e+01 4.595744805938623756e+01 1.500000000000000000e+00
1.500000008178290045e+01 5.170212739231377697e+01 1.500000000000000000e+00
1.500000013502371843e+01 5.744680719692433257e+01 1.500000000000000000e+00
3.952441221984509756e+00 1.188189374746232119e+01 1.500000000000000000e+00
2.648745220916521426e+00 1.103384969054448028e+01 1.500000000000000000e+00
7.200724458589545129e+00 1.275931013457514673e+01 1.500000000000000000e+00
5.863905000012633373e+00 1.595903979951116369e+01 1.500000000000000000e+00
5.070410942832153545e+00 2.159051560453539054e+01 1.500000000000000000e+00
3.980459794864758205e+00 2.611127360022204513e+01 1.500000000000000000e+00
2.883673113573756996e+00 3.213661160185450427e+01 1.500000000000000000e+00
2.059331261225460175e+00 5.241338875115388873e+01 1.500000000000000000e+00
3.562696811220781967e+00 4.857561473671346874e+01 1.500000000000000000e+00
4.290038741034954306e+00 3.817595343845476918e+01 1.500000000000000000e+00
5.040477939127638862e+00 2.994131177068840444e+01 1.500000000000000000e+00
5.946304517222942287e+00 2.539638021835091664e+01 1.500000000000000000e+00
7.148842109572314918e+00 2.346545231625902161e+01 1.500000000000000000e+00
8.153202712827198440e+00 1.843146732311526037e+01 1.500000000000000000e+00
8.972239411718421209e+00 1.667645498861154252e+01 1.500000000000000000e+00
1.003531880568321988e+01 1.450244888822772005e+01 1.500000000000000000e+00
1.099318791810388518e+01 1.371749611759721610e+01 1.500000000000000000e+00
1.205089281413266278e+01 1.136176646393688472e+01 1.500000000000000000e+00
1.295169514487258056e+01 1.192548073816110588e+01 1.500000000000000000e+00
1.461232358737896853e+01 1.359549118629219855e+01 1.500000000000000000e+00
1.337071449176486659e+01 1.676009112877700957e+01 1.500000000000000000e+00
1.250842607480046453e+01 1.790326728353537078e+01 1.500000000000000000e+00
1.158126528618656437e+01 1.912752713159524021e+01 1.500000000000000000e+00
1.015743669465976495e+01 1.942252661025285221e+01 1.500000000000000000e+00
9.649037120321640515e+00 2.184990542843504358e+01 1.500000000000000000e+00
8.607166169055485483e+00 2.500981551215271637e+01 1.500000000000000000e+00
8.014227345154044002e+00 3.001639865861331913e+01 1.500000000000000000e+00
6.820145477380040511e+00 3.299245250008502950e+01 1.500000000000000000e+00
5.919915842198910205e+00 3.944099718599602511e+01 1.500000000000000000e+00
5.081026339853433882e+00 4.311830042776952610e+01 1.500000000000000000e+00
4.753256210984783792e+00 4.990043641115130413e+01 1.500000000000000000e+00
1.371466034922555544e+01 1.877543122874261883e+01 1.500000000000000000e+00
1.274384377141645786e+01 2.230047993807932727e+01 1.500000000000000000e+00
1.168305145720282034e+01 2.317529829637813066e+01 1.500000000000000000e+00
1.090286288110917035e+01 2.523759835425134668e+01 1.500000000000000000e+00
1.019789003244408754e+01 2.853771047100242342e+01 1.500000000000000000e+00
9.178064864212137408e+00 3.095640111807847461e+01 1.500000000000000000e+00
8.332090360030761644e+00 3.403140328008048243e+01 1.500000000000000000e+00
7.438852197163662083e+00 3.957677826606094129e+01 1.500000000000000000e+00
6.482652552280091740e+00 4.699825503315196329e+01 1.500000000000000000e+00
5.973774224673150002e+00 5.214132926034437787e+01 1.500000000000000000e+00
6.977641359390934994e+00 5.729478109523038398e+01 1.500000000000000000e+00
7.126450970387530504e+00 5.240490425057670620e+01 1.500000000000000000e+00
7.940774959306820868e+00 4.757410292870589075e+01 1.500000000000000000e+00
8.547671754480347772e+00 3.787703930062894386e+01 1.500000000000000000e+00
9.787922687482453199e+00 3.630336507072763652e+01 1.500000000000000000e+00
1.027520848571442613e+01 3.231909113546328172e+01 1.500000000000000000e+00
1.138492615558763177e+01 3.064364603363759443e+01 1.500000000000000000e+00
1.235324405313465768e+01 2.590373086245178769e+01 1.500000000000000000e+00
1.314870248213759751e+01 2.444582662227357162e+01 1.500000000000000000e+00
1.406837126420259132e+01 2.284137546870350022e+01 1.500000000000000000e+00
1.449106522679513098e+01 2.685089874089094764e+01 1.500000000000000000e+00
1.349806468592756659e+01 2.861229836198170418e+01 1.500000000000000000e+00
1.285353885682642527e+01 3.170124235759122655e+01 1.500000000000000000e+00
1.196235766490817554e+01 3.340512809747730927e+01 1.500000000000000000e+00
1.097799048162565327e+01 3.753571937301654060e+01 1.500000000000000000e+00
9.978402026243408329e+00 3.987323866531579597e+01 1.500000000000000000e+00
9.508221347633904585e+00 4.479153402908855952e+01 1.500000000000000000e+00
8.713892495822678441e+00 4.926430091350496809e+01 1.500000000000000000e+00
8.099927567766698644e+00 5.867296570981155668e+01 1.500000000000000000e+00
1.391618464306460368e+01 3.131756496773883924e+01 1.500000000000000000e+00
1.326990700091477038e+01 3.435109146312620965e+01 1.500000000000000000e+00
1.225983257561780526e+01 3.893852090020565981e+01 1.500000000000000000e+00
1.161795119016982447e+01 4.155896229887582649e+01 1.500000000000000000e+00
1.072915737490647103e+01 4.489532329179852610e+01 1.500000000000000000e+00
1.012253561057109685e+01 4.903409519733488509e+01 1.500000000000000000e+00
9.511202559963120251e+00 5.392568244722058779e+01 1.500000000000000000e+00
8.976215331463412994e+00 5.915266809501270018e+01 1.500000000000000000e+00
1.383306613354572434e+01 3.781816509354929678e+01 1.500000000000000000e+00
1.277019207619391317e+01 4.096278713605806132e+01 1.500000000000000000e+00
1.226855495044876854e+01 4.576879288123348744e+01 1.500000000000000000e+00
1.137301036723022918e+01 4.940354419769428063e+01 1.500000000000000000e+00
1.105206495156777180e+01 5.221503706700831771e+01 1.500000000000000000e+00
1.035901691567890737e+01 5.760393053281141817e+01 1.500000000000000000e+00
1.444728318875661266e+01 4.227197559864119825e+01 1.500000000000000000e+00
1.397008392649786579e+01 4.468415834602895131e+01 1.500000000000000000e+00
1.292160181754740478e+01 4.754767833988390180e+01 1.500000000000000000e+00
1.252474768635083713e+01 5.231777309298341549e+01 1.500000000000000000e+00
1.165270933881842375e+01 5.540782417619605837e+01 1.500000000000000000e+00
1.455694699185366936e+01 4.777004153544309872e+01 1.500000000000000000e+00
1.400751029627066480e+01 5.163431593751535331e+01 1.500000000000000000e+00
1.308489303647630386e+01 5.614636938067794603e+01 1.500000000000000000e+00
1.266276651878041903e+01 5.852970340608955269e+01 1.500000000000000000e+00
1.404028972048530299e+01 5.768833854222557278e+01 1.500000000000000000e+00
1.360012985135450236e+01 5.982439382618772328e+01 1.500000000000000000e+00
1.500000015259357689e+01 1.340425540008898686e+01 1.500000000000000000e+00
1.499999956076252339e+01 1.531914896775561097e+01 1.500000000000000000e+00
1.499999996029389493e+01 1.914893659651756153e+01 1.500000000000000000e+00
1.500000013525822418e+01 2.106382970055775061e+01 1.500000000000000000e+00
1.499999969635243069e+01 2.489361820620047894e+01 1.500000000000000000e+00
1.499999969565261004e+01 2.680851204641646035e+01 1.500000000000000000e+00
1.500000016631721067e+01 3.063829661314623820e+01 1.500000000000000000e+00
1.500000013502371843e+01 3.255319280307567453e+01 1.500000000000000000e+00
1.500000019767642989e+01 3.638297972831569638e+01 1.500000000000000000e+00
1.500000008178290045e+01 3.829787260768623014e+01 1.500000000000000000e+00
1.500000031178521276e+01 4.212766080420584558e+01 1.500000000000000000e+00
1.499999974148113502e+01 4.404255194061376244e+01 1.500000000000000000e+00
1.500000031178521276e+01 4.787233919579416153e+01 1.500000000000000000e+00
1.499999962325853708e+01 4.978723309292704613e+01 1.500000000000000000e+00
1.500000019767642989e+01 5.361702027168429652e+01 1.500000000000000000e+00
1.500000034859316322e+01 5.553191629394408579e+01 1.500000000000000000e+00
1.500000016631721067e+01 5.936170338685376890e+01 1.500000000000000000e+00
1.450497195198842526e+01 5.560544936010057882e+01 1.500000000000000000e+00
1.448472697572433887e+01 3.086423736213085078e+01 1.500000000000000000e+00
1.460893731012049557e+01 3.452806683175488445e+01 1.500000000000000000e+00
1.450778255934233307e+01 4.967059867090839731e+01 1.500000000000000000e+00
1.454358717799865630e+01 3.631574729401357615e+01 1.500000000000000000e+00
1.449589592053161802e+01 5.166422831491876622e+01 1.500000000000000000e+00
1.453291323311898608e+01 1.170886477455900199e+01 1.500000000000000000e+00
1.453769508292976731e+01 2.099140122918182882e+01 1.500000000000000000e+00
1.451280764260847178e+01 5.755269852381221796e+01 1.500000000000000000e+00
1.450843436105238737e+01 2.488165139037478468e+01 1.500000000000000000e+00
1.445014251302375641e+01 3.822038597862091081e+01 1.500000000000000000e+00
1.462207529271425344e+01 1.518151150868546218e+01 1.500000000000000000e+00
1.455258943668604665e+01 1.903925332514902280e+01 1.500000000000000000e+00
1.457277585661743835e+01 1.707142470979295368e+01 1.500000000000000000e+00
1.447925919153419194e+01 4.427349124791183499e+01 1.500000000000000000e+00
1.452453907748061113e+01 2.293268689195147658e+01 1.500000000000000000e+00
1.452084094711791096e+01 5.948626096703047494e+01 1.500000000000000000e+00
1.449798335087355028e+01 5.364414699246353990e+01 1.500000000000000000e+00
1.456063514032758377e+01 3.273040412318750469e+01 1.500000000000000000e+00
1.447581926165398869e+01 2.885455815553748238e+01 1.500000000000000000e+00
1.404193936447263980e+01 2.480057013824838208e+01 1.500000000000000000e+00
1.415847303756568643e+01 1.683431186575697680e+01 1.500000000000000000e+00
1.409675479849071422e+01 2.088364097810470454e+01 1.500000000000000000e+00
1.412734842887496001e+01 1.890480744469673269e+01 1.500000000000000000e+00
1.405423628329835672e+01 5.963953132879922236e+01 1.500000000000000000e+00
1.397222235602084517e+01 2.889068994928037171e+01 1.500000000000000000e+00
1.401158189325657766e+01 2.679515557439410145e+01 1.500000000000000000e+00
1.405303766466453652e+01 1.211727424224927496e+01 1.500000000000000000e+00
1.355337373545763135e+01 2.661280658740231075e+01 1.500000000000000000e+00
1.357832763029821166e+01 5.787513696915702610e+01 1.500000000000000000e+00
1.420946444589185553e+01 1.446535227316582173e+01 1.500000000000000000e+00
1.349074931778865505e+01 1.257248384449639289e+01 1.500000000000000000e+00
1.401949299013541861e+01 4.947210866386474493e+01 1.500000000000000000e+00
1.359262459636658882e+01 2.464419364761184639e+01 1.500000000000000000e+00
1.340574154212333902e+01 3.051948836582318947e+01 1.500000000000000000e+00
1.351870779211987816e+01 1.005946983342449030e+01 1.500000000000000000e+00
1.318871513396295825e+01 2.251455783902413543e+01 1.500000000000000000e+00
1.350307639857841480e+01 4.951298411854646275e+01 1.500000000000000000e+00
1.316367773443420752e+01 1.448005491204755657e+01 1.500000000000000000e+00
1.408525658810759573e+01 4.705363983366093095e+01 1.500000000000000000e+00
1.294937687432313211e+01 3.001110773595975445e+01 1.500000000000000000e+00
1.355399120060988771e+01 5.588862386999259257e+01 1.500000000000000000e+00
1.356671919241754942e+01 3.309805568405332110e+01 1.500000000000000000e+00
1.430074013743831252e+01 3.452394343294608348e+01 1.500000000000000000e+00
1.401193627026615829e+01 5.370819651102475234e+01 1.500000000000000000e+00
1.324215175839580638e+01 2.054949306873579928e+01 1.500000000000000000e+00
1.269841408290185747e+01 2.423202191856377752e+01 1.500000000000000000e+00
1.351422201321352290e+01 5.172366920791738920e+01 1.500000000000000000e+00
1.324359994150775499e+01 3.213532689620637228e+01 1.500000000000000000e+00
1.311906752613504246e+01 5.814423184901733777e+01 1.500000000000000000e+00
1.278933119345533420e+01 1.389392623389644399e+01 1.500000000000000000e+00
1.348228257771822314e+01 4.725351285040019889e+01 1.500000000000000000e+00
1.269242729130673020e+01 2.605567805824267680e+01 1.500000000000000000e+00
1.261022538602743914e+01 2.784390770394190540e+01 1.500000000000000000e+00
1.205677345780811294e+01 2.909885132357588944e+01 1.500000000000000000e+00
1.220646117707483391e+01 5.909756915634680041e+01 1.500000000000000000e+00
1.402431898685878231e+01 5.572138630289354211e+01 1.500000000000000000e+00
1.330606225400081755e+01 1.860568495523147803e+01 1.500000000000000000e+00
1.353091968049096216e+01 5.384628576121296106e+01 1.500000000000000000e+00
1.217038094972092388e+01 2.426690035997035011e+01 1.500000000000000000e+00
1.342133437318262246e+01 4.501045006357001910e+01 1.500000000000000000e+00
1.281837452086265827e+01 2.028574999174012916e+01 1.500000000000000000e+00
1.215328354346269712e+01 5.700610898063786891e+01 1.500000000000000000e+00
1.336439602118208470e+01 4.281927541325788411e+01 1.500000000000000000e+00
1.240306739720856477e+01 1.992656171840516421e+01 1.500000000000000000e+00
1.290298068347970784e+01 1.830431423590781392e+01 1.500000000000000000e+00
1.185386259497648176e+01 2.623625465645320887e+01 1.500000000000000000e+00
1.304977335472458577e+01 5.408852737730389748e+01 1.500000000000000000e+00
1.248617285835413959e+01 1.157121512904133454e+01 1.500000000000000000e+00
1.242927383692665799e+01 3.144426359349822420e+01 1.500000000000000000e+00
1.297529032542628791e+01 4.976884665499844829e+01 1.500000000000000000e+00
1.261443840618729517e+01 5.652859095904576492e+01 1.500000000000000000e+00
1.310968307249238229e+01 3.328508000878038331e+01 1.500000000000000000e+00
1.229677752959017489e+01 2.200323479626849377e+01 1.500000000000000000e+00
1.161561480658943246e+01 2.825051066171707959e+01 1.500000000000000000e+00
1.176803312343043828e+01 5.977162822890862515e+01 1.500000000000000000e+00
1.375530322606482869e+01 1.680192918954240255e+01 1.500000000000000000e+00
1.246232565118676305e+01 5.017700978844532500e+01 1.500000000000000000e+00
1.257008284986670077e+01 5.444869535639272584e+01 1.500000000000000000e+00
1.171199723720944341e+01 5.752575261233333492e+01 1.500000000000000000e+00
1.390950547964390616e+01 4.251293570449534087e+01 1.500000000000000000e+00
1.195626972302920699e+01 3.112276324668687622e+01 1.500000000000000000e+00
1.263239078258507320e+01 1.590068463543584620e+01 1.500000000000000000e+00
1.210274998028494409e+01 5.489794837717316511e+01 1.500000000000000000e+00
1.197732905059550212e+01 1.297374903381499678e+01 1.500000000000000000e+00
1.237930764344123702e+01 4.800999419194181428e+01 1.500000000000000000e+00
1.331780279180205895e+01 4.066365819424136419e+01 1.500000000000000000e+00
1.122206689096897314e+01 2.688322741991320797e+01 1.500000000000000000e+00
1.241513126544296064e+01 3.340138837050330523e+01 1.500000000000000000e+00
1.189563281171649223e+01 2.141315848452333626e+01 1.500000000000000000e+00
1.150952752158974945e+01 3.325912591589154488e+01 1.500000000000000000e+00
1.290805742873287798e+01 3.496709863208704405e+01 1.500000000000000000e+00
1.150158221277989234e+01 2.513543462026424180e+01 1.500000000000000000e+00
1.153084518789835933e+01 2.119898890477879405e+01 1.500000000000000000e+00
1.199454519367130167e+01 1.947941253642532899e+01 1.500000000000000000e+00
1.187071994874653491e+01 4.865150217150100787e+01 1.500000000000000000e+00
1.092471081271735400e+01 2.869325030541507005e+01 1.500000000000000000e+00
1.349463704468440106e+01 3.585518571019206746e+01 1.500000000000000000e+00
1.273522495169530444e+01 3.896644125943422665e+01 1.500000000000000000e+00
1.323945401962713220e+01 3.857950486572330107e+01 1.500000000000000000e+00
1.284248647843872604e+01 4.532093674110469550e+01 1.500000000000000000e+00
1.277536613645127517e+01 4.310613884358416925e+01 1.500000000000000000e+00
1.169058991733384723e+01 1.698698438648977671e+01 1.500000000000000000e+00
1.382399426959921307e+01 3.450563338403495806e+01 1.500000000000000000e+00
1.224524357461091917e+01 4.087780666324432843e+01 1.500000000000000000e+00
1.094493571484872874e+01 3.210224366006761443e+01 1.500000000000000000e+00
1.204420279516099157e+01 5.279377222937966962e+01 1.500000000000000000e+00
1.160385352180274054e+01 1.189714375807482405e+01 1.500000000000000000e+00
1.150190102226847877e+01 3.540720349451041216e+01 1.500000000000000000e+00
1.055880241541944997e+01 2.691980139564301666e+01 1.500000000000000000e+00
1.386849816537266200e+01 4.030757005941374160e+01 1.500000000000000000e+00
1.101984760551472498e+01 2.151140876397839108e+01 1.500000000000000000e+00
1.209488134649529556e+01 4.324613387182392188e+01 1.500000000000000000e+00
1.186078809955410485e+01 4.033704922169042106e+01 1.500000000000000000e+00
1.117478635952521415e+01 3.349505773750252047e+01 1.500000000000000000e+00
1.199742771248527262e+01 3.596478795981272469e+01 1.500000000000000000e+00
1.028034850379926013e+01 2.518811761264437266e+01 1.500000000000000000e+00
1.058580521141490394e+01 3.042028349759221584e+01 1.500000000000000000e+00
1.124538168685876727e+01 2.377381701800192459e+01 1.500000000000000000e+00
1.071992005983419283e+01 1.814590796708152709e+01 1.500000000000000000e+00
1.158528031080821208e+01 5.334391698986112118e+01 1.500000000000000000e+00
1.196613368876713501e+01 5.072057954077450148e+01 1.500000000000000000e+00
1.237734980689694630e+01 1.344460100467311925e+01 1.500000000000000000e+00
1.142220592232359344e+01 1.424848453190549691e+01 1.500000000000000000e+00
1.121372491088192547e+01 5.594851014539769807e+01 1.500000000000000000e+00
1.149097981522096212e+01 5.138409096279690402e+01 1.500000000000000000e+00
1.142020875522341861e+01 3.706187090865845590e+01 1.500000000000000000e+00
1.089460032369458276e+01 5.858030384926385636e+01 1.500000000000000000e+00
1.085833650965306774e+01 1.591574528619411488e+01 1.500000000000000000e+00
1.062547316124233632e+01 2.354996716674036250e+01 1.500000000000000000e+00
1.045884649506384712e+01 3.595634226319423732e+01 1.500000000000000000e+00
9.873562865512560904e+00 3.051797239046172550e+01 1.500000000000000000e+00
1.063224630318279296e+01 1.140018736788458931e+01 1.500000000000000000e+00
1.174728618172217942e+01 4.661185254377225817e+01 1.500000000000000000e+00
1.051601323717793512e+01 5.982508804135615321e+01 1.500000000000000000e+00
1.005552251940284414e+01 2.111629640832993005e+01 1.500000000000000000e+00
9.835668301730541074e+00 2.622644317842231487e+01 1.500000000000000000e+00
1.043518723396999270e+01 1.524441853341724418e+01 1.500000000000000000e+00
1.175463121891689333e+01 3.841153119676641126e+01 1.500000000000000000e+00
1.093568362219297363e+01 4.105577062320903536e+01 1.500000000000000000e+00
1.115268042110015223e+01 5.391701193222704802e+01 1.500000000000000000e+00
1.125395609399597063e+01 4.745894521015076606e+01 1.500000000000000000e+00
1.155562393610830796e+01 4.464123941337417989e+01 1.500000000000000000e+00
1.002026276828328122e+01 3.431114217915428100e+01 1.500000000000000000e+00
9.470622418638869888e+00 2.864256429729834252e+01 1.500000000000000000e+00
1.057184671681075905e+01 1.319772913600213649e+01 1.500000000000000000e+00
1.064965959084722869e+01 3.946502211548915540e+01 1.500000000000000000e+00
1.087840332959059531e+01 5.027450586376094321e+01 1.500000000000000000e+00
1.078601472871610234e+01 5.652931734592593216e+01 1.500000000000000000e+00
1.070150881239386820e+01 5.392481386630536377e+01 1.500000000000000000e+00
1.018920748046192770e+01 1.199599951812008669e+01 1.500000000000000000e+00
9.750549397110049199e+00 1.897236337234850367e+01 1.500000000000000000e+00
1.118011933610345743e+01 4.576473582538577034e+01 1.500000000000000000e+00
9.600697059530515887e+00 3.264273976929339938e+01 1.500000000000000000e+00
1.022133639918412484e+01 3.792299754114402077e+01 1.500000000000000000e+00
1.042810146457979315e+01 5.158222870656567238e+01 1.500000000000000000e+00
1.043451408604006225e+01 4.191477655703533856e+01 1.500000000000000000e+00
8.909617256723540990e+00 2.271485181194908165e+01 1.500000000000000000e+00
9.035615980651821033e+00 2.683536258284046028e+01 1.500000000000000000e+00
9.898635618745553089e+00 1.669699370198221189e+01 1.500000000000000000e+00
9.910760351010003077e+00 5.872686387150852028e+01 1.500000000000000000e+00
8.741638032906580591e+00 2.923850483408905987e+01 1.500000000000000000e+00
9.930201653037538989e+00 4.357161100348186267e+01 1.500000000000000000e+00
1.073405920458505136e+01 4.795938457706843394e+01 1.500000000000000000e+00
8.778176730749493117e+00 1.893157733289228517e+01 1.500000000000000000e+00
9.349518350544732570e+00 1.804418922070813380e+01 1.500000000000000000e+00
9.575289937247024596e+00 3.823516848206801200e+01 1.500000000000000000e+00
9.436905364222917925e+00 5.917976934397653110e+01 1.500000000000000000e+00
1.004964505398068653e+01 5.320749490240054058e+01 1.500000000000000000e+00
9.367418649042289047e+00 3.480661592595768639e+01 1.500000000000000000e+00
1.023988929300688788e+01 5.525624069234491031e+01 1.500000000000000000e+00
1.121093212681624607e+01 4.296612130203714486e+01 1.500000000000000000e+00
9.666457213223397460e+00 1.172400756956742640e+01 1.500000000000000000e+00
1.301380744033853532e+01 5.195896967258070021e+01 1.500000000000000000e+00
8.500320031320409697e+00 1.755658257614401307e+01 1.500000000000000000e+00
9.621591528447686059e+00 1.398594183400334501e+01 1.500000000000000000e+00
9.638231278484246545e+00 4.157491984744692104e+01 1.500000000000000000e+00
8.948029550799422083e+00 3.326398534837766618e+01 1.500000000000000000e+00
9.159245410504325946e+00 3.709054996774138857e+01 1.500000000000000000e+00
8.288987539627717283e+00 2.742349478727653533e+01 1.500000000000000000e+00
1.012266116145187844e+01 4.595977309092989316e+01 1.500000000000000000e+00
8.577971131814575045e+00 1.542265688099747223e+01 1.500000000000000000e+00
8.514768133744693657e+00 2.086349650846861081e+01 1.500000000000000000e+00
9.717375331379599857e+00 4.633978000989618806e+01 1.500000000000000000e+00
9.437291799114802870e+00 5.643756435136823768e+01 1.500000000000000000e+00
8.750867783272331835e+00 3.559886167220344078e+01 1.500000000000000000e+00
8.224174680236078672e+00 2.300343629753906427e+01 1.500000000000000000e+00
8.507198565981216376e+00 3.165316075729631962e+01 1.500000000000000000e+00
9.206336374359032959e+00 1.171637494427875126e+01 1.500000000000000000e+00
7.915445568412312838e+00 2.098351187535528695e+01 1.500000000000000000e+00
9.022007282469649780e+00 5.620014814096569467e+01 1.500000000000000000e+00
9.407717704029133543e+00 3.989840128194987301e+01 1.500000000000000000e+00
8.530202884474856972e+00 5.892707670820462340e+01 1.500000000000000000e+00
7.883410460324436819e+00 3.290310536442889600e+01 1.500000000000000000e+00
7.746726412639442394e+00 1.784710108834761400e+01 1.500000000000000000e+00
7.406993077093890321e+00 2.798356096339393062e+01 1.500000000000000000e+00
8.842046453265652417e+00 4.444409785038554617e+01 1.500000000000000000e+00
7.861394875840177043e+00 3.560098039380314816e+01 1.500000000000000000e+00
7.369517184485886219e+00 3.249309158194370895e+01 1.500000000000000000e+00
7.608218301620412127e+00 2.252810834265400786e+01 1.500000000000000000e+00
8.134028545111309683e+00 1.515088712743044219e+01 1.500000000000000000e+00
9.135919501409171417e+00 4.662807433762612419e+01 1.500000000000000000e+00
8.741506018339094908e+00 1.244426750257625613e+01 1.500000000000000000e+00
8.198745133897590520e+00 3.619813529888594417e+01 1.500000000000000000e+00
7.443233265466242976e+00 3.647746584313900087e+01 1.500000000000000000e+00
8.585999442587599617e+00 5.591949401960225430e+01 1.500000000000000000e+00
7.705961675625297325e+00 5.841246393028178829e+01 1.500000000000000000e+00
7.574450990066792677e+00 1.519682067141664028e+01 1.500000000000000000e+00
8.420121444508840369e+00 4.625037001557243599e+01 1.500000000000000000e+00
9.561649924819601409e+00 4.819301441872244851e+01 1.500000000000000000e+00
7.356564055779951872e+00 5.790310629813035348e+01 1.500000000000000000e+00
8.142496741665752324e+00 5.296427372267662292e+01 1.500000000000000000e+00
9.114608265815924426e+00 5.328665494935631131e+01 1.500000000000000000e+00
8.009356800273433663e+00 3.763654929800891580e+01 1.500000000000000000e+00
6.723650104710572784e+00 2.880896118349761892e+01 1.500000000000000000e+00
8.210347211497742492e+00 1.204874761490241220e+01 1.500000000000000000e+00
7.687946202630315362e+00 5.354795523751120356e+01 1.500000000000000000e+00
6.912170922281045016e+00 3.697123018960703433e+01 1.500000000000000000e+00
8.175769087819984904e+00 4.361998949301035111e+01 1.500000000000000000e+00
8.276041822238756396e+00 3.968476833306090867e+01 1.500000000000000000e+00
7.586597329584428451e+00 4.222315322176128660e+01 1.500000000000000000e+00
7.082107296033282040e+00 1.871653782815957356e+01 1.500000000000000000e+00
6.148935227388957259e+00 3.000370226560294995e+01 1.500000000000000000e+00
7.296890023585465457e+00 5.470122786869232101e+01 1.500000000000000000e+00
9.288889292721881574e+00 5.060242624622409835e+01 1.500000000000000000e+00
7.022163815300349832e+00 4.034144225353583124e+01 1.500000000000000000e+00
6.286983641016633761e+00 3.413220084961798051e+01 1.500000000000000000e+00
8.086049611116671088e+00 5.021378710253030420e+01 1.500000000000000000e+00
7.585170689830447621e+00 5.114489340848832910e+01 1.500000000000000000e+00
6.571928013914130062e+00 2.443780593735397133e+01 1.500000000000000000e+00
6.462424644352497083e+00 2.002038218442171669e+01 1.500000000000000000e+00
9.737443832002561805e+00 5.165617432885276372e+01 1.500000000000000000e+00
6.544999214242062102e+00 4.244984897582384775e+01 1.500000000000000000e+00
7.464392536882980878e+00 4.862043823050839819e+01 1.500000000000000000e+00
5.478748423424505631e+00 2.827144714764724043e+01 1.500000000000000000e+00
6.700755411976271780e+00 5.421668689110860129e+01 1.500000000000000000e+00
6.996662618309103188e+00 4.968972587986360878e+01 1.500000000000000000e+00
5.555926763496045417e+00 2.348997431484162846e+01 1.500000000000000000e+00
5.647365064703712356e+00 3.182591309831528648e+01 1.500000000000000000e+00
6.266776316423863236e+00 5.624887267198743501e+01 1.500000000000000000e+00
6.020512846029589582e+00 4.323200429972187209e+01 1.500000000000000000e+00
5.942951032119345278e+00 2.037541617110142411e+01 1.500000000000000000e+00
6.531578177455602763e+00 5.080556216332447406e+01 1.500000000000000000e+00
5.323839231213382206e+00 3.735869715807011460e+01 1.500000000000000000e+00
6.909672884750237110e+00 4.679862650796997769e+01 1.500000000000000000e+00
6.043331926261947373e+00 4.737934820268489489e+01 1.500000000000000000e+00
5.468787043693359884e+00 4.103774653762862101e+01 1.500000000000000000e+00
5.595924576867338018e+00 4.444592987925254590e+01 1.500000000000000000e+00
5.923946634225877972e+00 5.801660289314327912e+01 1.500000000000000000e+00
6.574834675874459577e+00 1.150533306799822775e+01 1.500000000000000000e+00
4.729432115742357112e+00 3.544679807635998259e+01 1.500000000000000000e+00
5.601093589844472476e+00 5.623431720109748255e+01 1.500000000000000000e+00
6.266267459406947182e+00 1.306548970686861821e+01 1.500000000000000000e+00
4.903965762355126046e+00 3.945217345464149616e+01 1.500000000000000000e+00
5.504620996776964148e+00 5.000503716499374463e+01 1.500000000000000000e+00
5.187204915487511947e+00 5.378234200677191268e+01 1.500000000000000000e+00
4.595857953994177514e+00 3.072570646844337361e+01 1.500000000000000000e+00
4.529803583080404650e+00 4.245230700932460621e+01 1.500000000000000000e+00
4.592747756596706310e+00 2.459606245636905442e+01 1.500000000000000000e+00
4.097397165059727620e+00 3.266941239303520206e+01 1.500000000000000000e+00
3.896444425266469835e+00 4.251384564765385221e+01 1.500000000000000000e+00
4.465810669434373992e+00 1.869535288699088582e+01 1.500000000000000000e+00
4.259947191721909832e+00 4.706992956627351532e+01 1.500000000000000000e+00
5.220253565393486284e+00 1.082616606083102795e+01 1.500000000000000000e+00
3.909288162841454195e+00 1.906298881399936462e+01 1.500000000000000000e+00
3.598082192805671209e+00 3.637195500590278385e+01 1.500000000000000000e+00
3.417168679884163396e+00 2.856618208297226147e+01 1.500000000000000000e+00
4.927898288034160856e+00 5.860283194819517405e+01 1.500000000000000000e+00
3.988599498356594886e+00 5.321738760475670205e+01 1.500000000000000000e+00
3.316768612208464528e+00 1.961878912781838125e+01 1.500000000000000000e+00
3.086814534625976325e+00 4.252823857873391944e+01 1.500000000000000000e+00
3.304582955558924340e+00 5.571700847058435357e+01 1.500000000000000000e+00
5.396159098188164194e+00 1.623903912841651831e+01 1.500000000000000000e+00
2.755282523207205791e+00 2.186443804024737858e+01 1.500000000000000000e+00
2.509902841344469948e+00 4.602011460527221942e+01 1.500000000000000000e+00
2.254005876447108037e+00 2.516465063535634172e+01 1.500000000000000000e+00
3.006245502218619858e+00 5.125749754089199683e+01 1.500000000000000000e+00
5.505071015897767595e+00 2.037497121254341437e+01 1.500000000000000000e+00
5.265585392796687358e+00 2.503147050732048839e+01 1.500000000000000000e+00
2.146768918521636760e+00 1.412836519878442054e+01 1.500000000000000000e+00
2.368192688327504403e+00 3.590960841086389621e+01 1.500000000000000000e+00
6.334606419530590671e+00 1.606623206337746623e+01 1.500000000000000000e+00
2.678646351426731798e+00 5.516202992862245225e+01 1.500000000000000000e+00
4.883506045111712268e+00 1.396166470198681075e+01 1.500000000000000000e+00
9.842464430838699485e+00 5.625601618025437034e+01 1.500000000000000000e+00
6.806545833827966518e+00 1.482077878494687617e+01 1.500000000000000000e+00
8.974915931023549120e+00 3.998508397142856552e+01 1.500000000000000000e+00
1.414634889195745515e+01 3.325047966240430242e+01 1.500000000000000000e+00
1.442975763282921697e+01 4.023701467994510494e+01 1.500000000000000000e+00
1.454761251288389268e+01 4.615260361207626261e+01 1.500000000000000000e+00
1.412091553846355119e+01 3.580158691301394214e+01 1.500000000000000000e+00
1.307600404768412083e+01 3.666661541455690099e+01 1.500000000000000000e+00
1.366878651880816520e+01 2.074172653865701577e+01 1.500000000000000000e+00
1.362865948466566124e+01 2.269570282879112000e+01 1.500000000000000000e+00
1.373001188360770009e+01 1.474671063023571804e+01 1.500000000000000000e+00
1.265043667436233221e+01 3.709640769133808647e+01 1.500000000000000000e+00
1.249119497615212282e+01 3.531921883036119425e+01 1.500000000000000000e+00
1.310899689401473722e+01 2.633957706860288894e+01 1.500000000000000000e+00
1.304026161552294383e+01 2.822399218808996935e+01 1.500000000000000000e+00
1.341937759316127377e+01 1.527053503667060674e+01 1.500000000000000000e+00
1.281472763830158534e+01 3.334007666773554490e+01 1.500000000000000000e+00
1.230253326749359566e+01 3.741106773555086562e+01 1.500000000000000000e+00
1.250753563369791621e+01 2.960896238209442899e+01 1.500000000000000000e+00
1.300306759882394125e+01 1.638102225497340214e+01 1.500000000000000000e+00
1.223549235219821618e+01 1.542242206472469590e+01 1.500000000000000000e+00
1.220309776900864129e+01 2.726928407376698971e+01 1.500000000000000000e+00
1.182441615977559835e+01 1.489190654942006198e+01 1.500000000000000000e+00
1.210435554082117626e+01 1.745260005553037885e+01 1.500000000000000000e+00
1.127451950522026358e+01 1.648958134517608443e+01 1.500000000000000000e+00
1.106899196419686504e+01 3.511578823864962118e+01 1.500000000000000000e+00
1.130556754225903937e+01 3.969079011316593153e+01 1.500000000000000000e+00
1.114199239385759910e+01 1.880669521394329990e+01 1.500000000000000000e+00
1.067074241810460578e+01 3.395136596570510079e+01 1.500000000000000000e+00
1.109046926633551777e+01 1.158838890730194393e+01 1.500000000000000000e+00
1.056289019637797288e+01 2.029606941438091994e+01 1.500000000000000000e+00
9.237640298626789814e+00 4.278497524522458662e+01 1.500000000000000000e+00
1.029703785753315870e+01 1.737787973689226106e+01 1.500000000000000000e+00
1.129220569088389503e+01 5.798765187507760288e+01 1.500000000000000000e+00
1.031492613438846995e+01 2.223460960033022360e+01 1.500000000000000000e+00
8.568710937943976091e+00 4.197617990786908138e+01 1.500000000000000000e+00
9.791244576649692277e+00 5.447649680564547481e+01 1.500000000000000000e+00
8.642268075295625351e+00 5.278488878619460678e+01 1.500000000000000000e+00
9.346797605640826845e+00 2.441921899022373665e+01 1.500000000000000000e+00
1.001335072753081867e+01 2.382429108496776138e+01 1.500000000000000000e+00
7.944046920821483226e+00 4.113091510391689098e+01 1.500000000000000000e+00
8.145902342513041461e+00 5.582909942391908231e+01 1.500000000000000000e+00
9.521773258428956055e+00 1.589942524347614317e+01 1.500000000000000000e+00
9.163170366653414334e+00 2.042884557880314134e+01 1.500000000000000000e+00
7.762858034984353672e+00 4.490776229327884295e+01 1.500000000000000000e+00
7.732015186053414091e+00 3.876112273270676667e+01 1.500000000000000000e+00
7.747593195837049862e+00 5.593692404449207345e+01 1.500000000000000000e+00
9.185607617779327327e+00 1.429675266431396174e+01 1.500000000000000000e+00
7.868250987678984565e+00 2.524734179180310534e+01 1.500000000000000000e+00
7.339900050251297436e+00 4.596104993573739961e+01 1.500000000000000000e+00
7.199738974172523953e+00 4.314861434909075655e+01 1.500000000000000000e+00
6.882717702755539513e+00 4.422666945744113320e+01 1.500000000000000000e+00
7.450354255388982772e+00 5.616826077931279571e+01 1.500000000000000000e+00
6.408259234824060790e+00 3.820850240412070775e+01 1.500000000000000000e+00
7.577635522125160783e+00 1.992732141033506821e+01 1.500000000000000000e+00
7.753013213913522605e+00 1.200194248517027162e+01 1.500000000000000000e+00
7.235356955701118586e+00 5.983866996757457457e+01 1.500000000000000000e+00
7.483700189011609716e+00 1.091935905764281678e+01 1.500000000000000000e+00
5.791051771817928184e+00 3.562143593705930300e+01 1.500000000000000000e+00
5.173860006467172035e+00 3.365706082357905871e+01 1.500000000000000000e+00
5.869742996873164920e+00 1.112838971973562252e+01 1.500000000000000000e+00
4.971238566307648377e+00 2.672863632306392034e+01 1.500000000000000000e+00
5.710657484291545849e+00 4.721811668069674539e+01 1.500000000000000000e+00
4.955883819644517629e+00 1.765755746784905611e+01 1.500000000000000000e+00
4.483383360691600927e+00 1.304373404555957983e+01 1.500000000000000000e+00
5.230759078205154289e+00 4.684524301907027422e+01 1.500000000000000000e+00
4.457614102926657829e+00 5.610812557021049685e+01 1.500000000000000000e+00
4.770471550100296554e+00 4.509693423123943745e+01 1.500000000000000000e+00
