1.499999969635243069e+01 1.148936182062004860e+02 5.500000000000000444e-01
1.500000016631721067e+01 1.206382966131462382e+02 5.500000000000000444e-01
1.500000019767642989e+01 1.263829797283157035e+02 5.500000000000000444e-01
1.500000031178521276e+01 1.321276608042058456e+02 5.500000000000000444e-01
1.500000031178521276e+01 1.378723391957941544e+02 5.500000000000000444e-01
1.500000019767642989e+01 1.436170202716843107e+02 5.500000000000000444e-01
1.500000016631721067e+01 1.493617033868537760e+02 5.500000000000000444e-01
1.499999969635243069e+01 1.551063817937995282e+02 5.500000000000000444e-01
2.247239551711259331e+00 1.378932290306371726e+02 5.500000000000000444e-01
3.408405042969403720e+00 1.523125982918535328e+02 5.500000000000000444e-01
4.108164822753960443e+00 1.586152027149626349e+02 5.500000000000000444e-01
7.267906890519346241e+00 1.582948784267789790e+02 5.500000000000000444e-01
6.165005583916048693e+00 1.551229538622046960e+02 5.500000000000000444e-01
5.297702778960321268e+00 1.477830820891276176e+02 5.500000000000000444e-01
4.247133382186541795e+00 1.455645604671842648e+02 5.500000000000000444e-01
3.715106547475384158e+00 1.396141689265375874e+02 5.500000000000000444e-01
3.184366841114509850e+00 1.248101249396226535e+02 5.500000000000000444e-01
3.762478937547671709e+00 1.185757667121246755e+02 5.500000000000000444e-01
4.621965362671065947e+00 1.274902285713278474e+02 5.500000000000000444e-01
5.076501419235203372e+00 1.335000474495782612e+02 5.500000000000000444e-01
5.591923697744968891e+00 1.383529438286060440e+02 5.500000000000000444e-01
6.717802110968846385e+00 1.462514454399455133e+02 5.500000000000000444e-01
8.759417272752724415e+00 1.541161854004853922e+02 5.500000000000000444e-01
9.834304485554378417e+00 1.578628613583330491e+02 5.500000000000000444e-01
1.056659606472168633e+01 1.588380136888519303e+02 5.500000000000000444e-01
5.704036915405138686e+00 1.198802429139262244e+02 5.500000000000000444e-01
6.021268106137908305e+00 1.293813198827122903e+02 5.500000000000000444e-01
6.513879783217923602e+00 1.336544383293249325e+02 5.500000000000000444e-01
7.122565149955566888e+00 1.413067586411711147e+02 5.500000000000000444e-01
8.006921306725580223e+00 1.450779121354707968e+02 5.500000000000000444e-01
8.861408538716426975e+00 1.487215895598268673e+02 5.500000000000000444e-01
1.031105372838942458e+01 1.530720823664014176e+02 5.500000000000000444e-01
1.120259136227697638e+01 1.554258250291266279e+02 5.500000000000000444e-01
1.188390311220017459e+01 1.568210077279312316e+02 5.500000000000000444e-01
1.272269359134499211e+01 1.587452981643787950e+02 5.500000000000000444e-01
1.408230186594887634e+01 1.569440709461682673e+02 5.500000000000000444e-01
1.314389211674932945e+01 1.533260028499272210e+02 5.500000000000000444e-01
1.219508570276733117e+01 1.521104278878198386e+02 5.500000000000000444e-01
1.151277384275894988e+01 1.490655696389799232e+02 5.500000000000000444e-01
1.027683783857067645e+01 1.476411522399174316e+02 5.500000000000000444e-01
9.453655821198092113e+00 1.451819235194631119e+02 5.500000000000000444e-01
8.785685805940179449e+00 1.412715963147440732e+02 5.500000000000000444e-01
7.904539946981852694e+00 1.336900341169422859e+02 5.500000000000000444e-01
7.548055614861197249e+00 1.296120974127004786e+02 5.500000000000000444e-01
6.949716263746296363e+00 1.247184673101490375e+02 5.500000000000000444e-01
6.269154827737430047e+00 1.171351609447495576e+02 5.500000000000000444e-01
7.088537694034655168e+00 1.116688441378678789e+02 5.500000000000000444e-01
7.917855802289046174e+00 1.174668099440308424e+02 5.500000000000000444e-01
8.557325430660744914e+00 1.236800553201476731e+02 5.500000000000000444e-01
9.149081314846570834e+00 1.286144498478138587e+02 5.500000000000000444e-01
9.534740734248815741e+00 1.360426793313828568e+02 5.500000000000000444e-01
1.001533649204613319e+01 1.401735149088698904e+02 5.500000000000000444e-01
1.093492355165700936e+01 1.430804884355091247e+02 5.500000000000000444e-01
1.178931543944131022e+01 1.460649459492077824e+02 5.500000000000000444e-01
1.259369455635495605e+01 1.487300966422640727e+02 5.500000000000000444e-01
1.358998609446166839e+01 1.514330485057135718e+02 5.500000000000000444e-01
1.452251088507375165e+01 1.512846036149347526e+02 5.500000000000000444e-01
8.592219647077925515e+00 1.145038994639332515e+02 5.500000000000000444e-01
9.831364513485940648e+00 1.246605743686308756e+02 5.500000000000000444e-01
1.027198245014326083e+01 1.300961880203951182e+02 5.500000000000000444e-01
1.061794359405800670e+01 1.354290621031492492e+02 5.500000000000000444e-01
1.164034192977727855e+01 1.388756746704819989e+02 5.500000000000000444e-01
1.209681487075257600e+01 1.431247514896515440e+02 5.500000000000000444e-01
1.343508249810485999e+01 1.457329091792722124e+02 5.500000000000000444e-01
1.399512263515160981e+01 1.475004570723992003e+02 5.500000000000000444e-01
9.434829212287137779e+00 1.118720769761852836e+02 5.500000000000000444e-01
9.546772316796339197e+00 1.186334238809745045e+02 5.500000000000000444e-01
1.087942054062913932e+01 1.269746844058836786e+02 5.500000000000000444e-01
1.129492275492319209e+01 1.323192727620112805e+02 5.500000000000000444e-01
1.231706730721356990e+01 1.334951887358030831e+02 5.500000000000000444e-01
1.313124721368270897e+01 1.367163321713577488e+02 5.500000000000000444e-01
1.390291852435040454e+01 1.414812626279964718e+02 5.500000000000000444e-01
1.079066281643806491e+01 1.156526840218080991e+02 5.500000000000000444e-01
1.146553153057447894e+01 1.190539117049561497e+02 5.500000000000000444e-01
1.177698131355193212e+01 1.242812183043411522e+02 5.500000000000000444e-01
1.262396254584835376e+01 1.282596040819356347e+02 5.500000000000000444e-01
1.344856383208240658e+01 1.307179601659192940e+02 5.500000000000000444e-01
1.365933168473394055e+01 1.352455525146687876e+02 5.500000000000000444e-01
1.451986397051965305e+01 1.377583689665766258e+02 5.500000000000000444e-01
1.186281267882660018e+01 1.131197555409839879e+02 5.500000000000000444e-01
1.228395959983360974e+01 1.186854638597787357e+02 5.500000000000000444e-01
1.267554689418042457e+01 1.225853934944255741e+02 5.500000000000000444e-01
1.353780709532207105e+01 1.246064545086110513e+02 5.500000000000000444e-01
1.397738382406867785e+01 1.286979777232287461e+02 5.500000000000000444e-01
1.458732631361094256e+01 1.321827216350369554e+02 5.500000000000000444e-01
1.276545148111165595e+01 1.124592731633824627e+02 5.500000000000000444e-01
1.316071861103996099e+01 1.148608995990616961e+02 5.500000000000000444e-01
1.357791704943699251e+01 1.187424679274360813e+02 5.500000000000000444e-01
1.402582383397998456e+01 1.206935333906850332e+02 5.500000000000000444e-01
1.405779385153730310e+01 1.130374141500268479e+02 5.500000000000000444e-01
1.451756907241676764e+01 1.168363537525923874e+02 5.500000000000000444e-01
1.500000013525822418e+01 1.110638297005577471e+02 5.500000000000000444e-01
1.500000032390141413e+01 1.129787233880742150e+02 5.500000000000000444e-01
1.499999969565260827e+01 1.168085120464164675e+02 5.500000000000000444e-01
1.500000028233106697e+01 1.187234040223621747e+02 5.500000000000000444e-01
1.500000013502371843e+01 1.225531928030756603e+02 5.500000000000000444e-01
1.500000034859316322e+01 1.244680837060559355e+02 5.500000000000000444e-01
1.500000008178290045e+01 1.282978726076862301e+02 5.500000000000000444e-01
1.499999962325853708e+01 1.302127669070729610e+02 5.500000000000000444e-01
1.499999974148113502e+01 1.340425519406137767e+02 5.500000000000000444e-01
1.499999974148113502e+01 1.359574480593862518e+02 5.500000000000000444e-01
1.499999962325853708e+01 1.397872330929270390e+02 5.500000000000000444e-01
1.500000008178290045e+01 1.417021273923137983e+02 5.500000000000000444e-01
1.500000034859316322e+01 1.455319162939440787e+02 5.500000000000000444e-01
1.500000013502371843e+01 1.474468071969243397e+02 5.500000000000000444e-01
1.500000028233106697e+01 1.512765959776378395e+02 5.500000000000000444e-01
1.499999969565260827e+01 1.531914879535835610e+02 5.500000000000000444e-01
1.500000032390141413e+01 1.570212766119257992e+02 5.500000000000000444e-01
1.500000013525822418e+01 1.589361702994422672e+02 5.500000000000000444e-01
1.449801849939263576e+01 1.226109625017375322e+02 5.500000000000000444e-01
1.447526565817450006e+01 1.454957931888465339e+02 5.500000000000000444e-01
1.448394022785616464e+01 1.265115210713518508e+02 5.500000000000000444e-01
1.448745277347662430e+01 1.396952564807156705e+02 5.500000000000000444e-01
1.453143071435122735e+01 1.531878735387091695e+02 5.500000000000000444e-01
1.453629425546408527e+01 1.550833088835542526e+02 5.500000000000000444e-01
1.451710375488882043e+01 1.129956709744240726e+02 5.500000000000000444e-01
1.450945581156947384e+01 1.493677738068942062e+02 5.500000000000000444e-01
1.451221050465107609e+01 1.187550529120649827e+02 5.500000000000000444e-01
1.458122994229414537e+01 1.340055931858256315e+02 5.500000000000000444e-01
1.453844355766726437e+01 1.569814308016374866e+02 5.500000000000000444e-01
1.446213248785935157e+01 1.435479521650342747e+02 5.500000000000000444e-01
1.449210119108688133e+01 1.474393148470682604e+02 5.500000000000000444e-01
1.452086297744683918e+01 1.149179877141109642e+02 5.500000000000000444e-01
1.453737263387532508e+01 1.588806655366893779e+02 5.500000000000000444e-01
1.450627946912265465e+01 1.206775213062140750e+02 5.500000000000000444e-01
1.446273934322601384e+01 1.416206008094522133e+02 5.500000000000000444e-01
1.448487648875298994e+01 1.284933835098757413e+02 5.500000000000000444e-01
1.450117687627958496e+01 1.110528721268679817e+02 5.500000000000000444e-01
1.449129169594075428e+01 1.245510223988405158e+02 5.500000000000000444e-01
1.405764486610047470e+01 1.149352743657417903e+02 5.500000000000000444e-01
1.408149672522504225e+01 1.588130168569018394e+02 5.500000000000000444e-01
1.400389766417719883e+01 1.245985623142599934e+02 5.500000000000000444e-01
1.390983492711817959e+01 1.435112050141307236e+02 5.500000000000000444e-01
1.403553043963131586e+01 1.111414449863039948e+02 5.500000000000000444e-01
1.403861399447186820e+01 1.187610704403200117e+02 5.500000000000000444e-01
1.402910300458399462e+01 1.494370678661469753e+02 5.500000000000000444e-01
1.404982994185023948e+01 1.168403315727034197e+02 5.500000000000000444e-01
1.405251763262426223e+01 1.513391646495717850e+02 5.500000000000000444e-01
1.363432341683333071e+01 1.587336481619718427e+02 5.500000000000000444e-01
1.407756902712208280e+01 1.550749788050881079e+02 5.500000000000000444e-01
1.360774650082842996e+01 1.532553982246210182e+02 5.500000000000000444e-01
1.359321335208596437e+01 1.168188270386258552e+02 5.500000000000000444e-01
1.356411985234109530e+01 1.495820054437306794e+02 5.500000000000000444e-01
1.394999790248494875e+01 1.455379052197696410e+02 5.500000000000000444e-01
1.397179081217826990e+01 1.394917580921240017e+02 5.500000000000000444e-01
1.334196835006503434e+01 1.436398759669018261e+02 5.500000000000000444e-01
1.352527650763209621e+01 1.265948807760997710e+02 5.500000000000000444e-01
1.360726445830220221e+01 1.149279931601678584e+02 5.500000000000000444e-01
1.356473953784672837e+01 1.206817028501737212e+02 5.500000000000000444e-01
1.350940945085734768e+01 1.476878083923086535e+02 5.500000000000000444e-01
1.312511531511309926e+01 1.515593723906932553e+02 5.500000000000000444e-01
1.363319301264166405e+01 1.569146935079329808e+02 5.500000000000000444e-01
1.319224945276998540e+01 1.130665730494972934e+02 5.500000000000000444e-01
1.348506564749083125e+01 1.390558827098041093e+02 5.500000000000000444e-01
1.350356323459539176e+01 1.286347047613272423e+02 5.500000000000000444e-01
1.404105392472285985e+01 1.375164312077914701e+02 5.500000000000000444e-01
1.319558459126911032e+01 1.586598753416963916e+02 5.500000000000000444e-01
1.312128518899366370e+01 1.206584414669047618e+02 5.500000000000000444e-01
1.312453087003463814e+01 1.497998037024403004e+02 5.500000000000000444e-01
1.355268259499482042e+01 1.226380924740134049e+02 5.500000000000000444e-01
1.304329664551291934e+01 1.480446965189686352e+02 5.500000000000000444e-01
1.316512791544602479e+01 1.115500888142059068e+02 5.500000000000000444e-01
1.272724616147244703e+01 1.147257563093513397e+02 5.500000000000000444e-01
1.323565009041731422e+01 1.411827726672934205e+02 5.500000000000000444e-01
1.397308706558064451e+01 1.310498519851896617e+02 5.500000000000000444e-01
1.307743639640641042e+01 1.265180329781337321e+02 5.500000000000000444e-01
1.319261897406603623e+01 1.569068924853180249e+02 5.500000000000000444e-01
1.310804232120415591e+01 1.226194747028721110e+02 5.500000000000000444e-01
1.401693930538119304e+01 1.226354503042165476e+02 5.500000000000000444e-01
1.276251652962190164e+01 1.499911837563576000e+02 5.500000000000000444e-01
1.358439365370093732e+01 1.371228123063946214e+02 5.500000000000000444e-01
1.271292202721533648e+01 1.167357345742785526e+02 5.500000000000000444e-01
1.270471614785853731e+01 1.186832816320161612e+02 5.500000000000000444e-01
1.262423271340001740e+01 1.422074421252239631e+02 5.500000000000000444e-01
1.228954747670600689e+01 1.206152669094888807e+02 5.500000000000000444e-01
1.218490896623062447e+01 1.501066841907790490e+02 5.500000000000000444e-01
1.451733152809465821e+01 1.304174260966003942e+02 5.500000000000000444e-01
1.305041613534249301e+01 1.284617569180776968e+02 5.500000000000000444e-01
1.260839177403482836e+01 1.515281553446934026e+02 5.500000000000000444e-01
1.228458387214053182e+01 1.167677764485807757e+02 5.500000000000000444e-01
1.320925447075620873e+01 1.348143425790831884e+02 5.500000000000000444e-01
1.260644736523892284e+01 1.101991035422722263e+02 5.500000000000000444e-01
1.298885536966836085e+01 1.303723867280228887e+02 5.500000000000000444e-01
1.216573394836189692e+01 1.108577196510461249e+02 5.500000000000000444e-01
1.243342705976931661e+01 1.470004363061410402e+02 5.500000000000000444e-01
1.375927675083011437e+01 1.332644851552012142e+02 5.500000000000000444e-01
1.187480135014133431e+01 1.149526902562837307e+02 5.500000000000000444e-01
1.424419491251608427e+01 1.323494706794850799e+02 5.500000000000000444e-01
1.267641614295024333e+01 1.534882094972901427e+02 5.500000000000000444e-01
1.273834933259714575e+01 1.552217671246615112e+02 5.500000000000000444e-01
1.220914548083901607e+01 1.244844564161915059e+02 5.500000000000000444e-01
1.292702971290893288e+01 1.462176086738172387e+02 5.500000000000000444e-01
1.279123980874753030e+01 1.442470919045670144e+02 5.500000000000000444e-01
1.265279466558011734e+01 1.245357473052612391e+02 5.500000000000000444e-01
1.264115704899277048e+01 1.264176124014151554e+02 5.500000000000000444e-01
1.229133166222331575e+01 1.148075355397016324e+02 5.500000000000000444e-01
1.186724105293652265e+01 1.187808224494427378e+02 5.500000000000000444e-01
1.169129959957542120e+01 1.509167970466716042e+02 5.500000000000000444e-01
1.227160958797554713e+01 1.450971453827204982e+02 5.500000000000000444e-01
1.231382781200385068e+01 1.555953802702347559e+02 5.500000000000000444e-01
1.332903262334028582e+01 1.327788010073513192e+02 5.500000000000000444e-01
1.197329200178867836e+01 1.480397425991761509e+02 5.500000000000000444e-01
1.222092674218665209e+01 1.538888667732833824e+02 5.500000000000000444e-01
1.189225056085506971e+01 1.222714385513377664e+02 5.500000000000000444e-01
1.218679457004382627e+01 1.264331790064283609e+02 5.500000000000000444e-01
1.231474785010121487e+01 1.578570043892692922e+02 5.500000000000000444e-01
1.160378580736790077e+01 1.440802797243767657e+02 5.500000000000000444e-01
1.202621350716359139e+01 1.293751155430094570e+02 5.500000000000000444e-01
1.150233243552264994e+01 1.148211862704491750e+02 5.500000000000000444e-01
1.184532892607803589e+01 1.523395808502439195e+02 5.500000000000000444e-01
1.166463529849626823e+01 1.268731242383315845e+02 5.500000000000000444e-01
1.167634975154868648e+01 1.541873578742359427e+02 5.500000000000000444e-01
1.275061394247904012e+01 1.343507214422113236e+02 5.500000000000000444e-01
1.173284233718744041e+01 1.113096433626079573e+02 5.500000000000000444e-01
1.156461448365589462e+01 1.213148582840597811e+02 5.500000000000000444e-01
1.158067397111925523e+01 1.134385390409725289e+02 5.500000000000000444e-01
1.254543262678937765e+01 1.299577520574293032e+02 5.500000000000000444e-01
1.282057585244524667e+01 1.391460672273725834e+02 5.500000000000000444e-01
1.127497634789751935e+01 1.287648599986718807e+02 5.500000000000000444e-01
1.247332875725469670e+01 1.317282747953684918e+02 5.500000000000000444e-01
1.138503409094683505e+01 1.123997162111437405e+02 5.500000000000000444e-01
1.192391078126487081e+01 1.591970089218086457e+02 5.500000000000000444e-01
1.139468925810408884e+01 1.576059681660865976e+02 5.500000000000000444e-01
1.093245410036132448e+01 1.176791634219608653e+02 5.500000000000000444e-01
1.211416983619509935e+01 1.380957417722123353e+02 5.500000000000000444e-01
1.258157487003767017e+01 1.366839182756890807e+02 5.500000000000000444e-01
1.113506383624015506e+01 1.451396008245233133e+02 5.500000000000000444e-01
1.154790113961721332e+01 1.597552903023556894e+02 5.500000000000000444e-01
1.213095633259193029e+01 1.311992234607037062e+02 5.500000000000000444e-01
1.187977978706993554e+01 1.410707792211953517e+02 5.500000000000000444e-01
1.211192921657685417e+01 1.351335697623072747e+02 5.500000000000000444e-01
1.140045923136781703e+01 1.420220141878137952e+02 5.500000000000000444e-01
1.132662871984776842e+01 1.471327135194292453e+02 5.500000000000000444e-01
1.109124543011805031e+01 1.195497823719322241e+02 5.500000000000000444e-01
1.093696504413262716e+01 1.304312123001981263e+02 5.500000000000000444e-01
1.116544569913782325e+01 1.253036811012860028e+02 5.500000000000000444e-01
1.054609585091013102e+01 1.184483058039235175e+02 5.500000000000000444e-01
1.108477047437853535e+01 1.110661822760178268e+02 5.500000000000000444e-01
1.132997441229948521e+01 1.521817534060284913e+02 5.500000000000000444e-01
1.077439931663622019e+01 1.236487140144910057e+02 5.500000000000000444e-01
1.097890361938401149e+01 1.584764931452021131e+02 5.500000000000000444e-01
1.191976277654485195e+01 1.323495374278550969e+02 5.500000000000000444e-01
1.037428738427086472e+01 1.159689390925581449e+02 5.500000000000000444e-01
1.045224228723165005e+01 1.217097839507478341e+02 5.500000000000000444e-01
1.119317973797942045e+01 1.140012522624928550e+02 5.500000000000000444e-01
1.095263203958554321e+01 1.534494376136194944e+02 5.500000000000000444e-01
1.069323663852598116e+01 1.463293797744202323e+02 5.500000000000000444e-01
1.141268051479816314e+01 1.362143689537780915e+02 5.500000000000000444e-01
1.098276814702740722e+01 1.339807146263379138e+02 5.500000000000000444e-01
1.056715505590431015e+01 1.285534905798910472e+02 5.500000000000000444e-01
1.117401681528669677e+01 1.398345534443648432e+02 5.500000000000000444e-01
1.089292931508258633e+01 1.483183605176045603e+02 5.500000000000000444e-01
1.048508816822871914e+01 1.443024763027535187e+02 5.500000000000000444e-01
9.938947368406171989e+00 1.170516245588372755e+02 5.500000000000000444e-01
1.058456838143665024e+01 1.547568340935128219e+02 5.500000000000000444e-01
1.092229026578316287e+01 1.375839154720996760e+02 5.500000000000000444e-01
1.062432060719005023e+01 1.319845466771917870e+02 5.500000000000000444e-01
1.049253189445312096e+01 1.251081215204577859e+02 5.500000000000000444e-01
1.110059607916769231e+01 1.502551315071752356e+02 5.500000000000000444e-01
1.083078220217131715e+01 1.564407576095543959e+02 5.500000000000000444e-01
1.070950958445445522e+01 1.409839826176131226e+02 5.500000000000000444e-01
1.082175232848290314e+01 1.133051413780159891e+02 5.500000000000000444e-01
9.839516815223852575e+00 1.209316318865075033e+02 5.500000000000000444e-01
1.048527594765409532e+01 1.496486088348789281e+02 5.500000000000000444e-01
1.046355002006691493e+01 1.388779091528379865e+02 5.500000000000000444e-01
1.027791331159698096e+01 1.126773381255659245e+02 5.500000000000000444e-01
9.701295376675485471e+00 1.144295011560130177e+02 5.500000000000000444e-01
1.018960676238357443e+01 1.266377512044220310e+02 5.500000000000000444e-01
1.018656176413946390e+01 1.584572670186653909e+02 5.500000000000000444e-01
1.030297858852592974e+01 1.334400150946183032e+02 5.500000000000000444e-01
1.029761479223862253e+01 1.563708905468527064e+02 5.500000000000000444e-01
1.014686022165173718e+01 1.230948538039880447e+02 5.500000000000000444e-01
9.224828400065247180e+00 1.204185128914005816e+02 5.500000000000000444e-01
1.025686305618872396e+01 1.422635872713442211e+02 5.500000000000000444e-01
9.889832728900019632e+00 1.282465062489860657e+02 5.500000000000000444e-01
9.571373523177273412e+00 1.416072751914919081e+02 5.500000000000000444e-01
9.887851134501527639e+00 1.490908745054498752e+02 5.500000000000000444e-01
9.887389233075953854e+00 1.102210109502786395e+02 5.500000000000000444e-01
9.514037159472621852e+00 1.225534616830097718e+02 5.500000000000000444e-01
1.006667398603428154e+01 1.456608337183045307e+02 5.500000000000000444e-01
9.911101958373091492e+00 1.550932899124151731e+02 5.500000000000000444e-01
1.020003020494943335e+01 1.368122878752288898e+02 5.500000000000000444e-01
9.700597080041330145e+00 1.329446408821993941e+02 5.500000000000000444e-01
9.206434393075712208e+00 1.162286700574648677e+02 5.500000000000000444e-01
8.771895529222470955e+00 1.167646459818592177e+02 5.500000000000000444e-01
9.762526875445196595e+00 1.381304842261867236e+02 5.500000000000000444e-01
8.991627656057660900e+00 1.132727828174312776e+02 5.500000000000000444e-01
9.510171058833419622e+00 1.314057594628154675e+02 5.500000000000000444e-01
9.692680837265459814e+00 1.526521842560069047e+02 5.500000000000000444e-01
9.433183039091890265e+00 1.560231944436185358e+02 5.500000000000000444e-01
9.168252394731352339e+00 1.433365762697944490e+02 5.500000000000000444e-01
9.179151059105532084e+00 1.242898161275388560e+02 5.500000000000000444e-01
9.503413640404041018e+00 1.264121929785237910e+02 5.500000000000000444e-01
9.937148058127606376e+00 1.348295654239728094e+02 5.500000000000000444e-01
9.300464309403022156e+00 1.395165100197158097e+02 5.500000000000000444e-01
8.916243767751977245e+00 1.348043154929237062e+02 5.500000000000000444e-01
9.010349384190382338e+00 1.577765030684671501e+02 5.500000000000000444e-01
9.055961622968393243e+00 1.518557309643171607e+02 5.500000000000000444e-01
9.131402261753143179e+00 1.468752884612911487e+02 5.500000000000000444e-01
8.832067589302306843e+00 1.259717560169367374e+02 5.500000000000000444e-01
8.642466163721795880e+00 1.200874748227666942e+02 5.500000000000000444e-01
8.236303893052205893e+00 1.159359172198982293e+02 5.500000000000000444e-01
8.349705011667277077e+00 1.567099475127686219e+02 5.500000000000000444e-01
8.437657428549320215e+00 1.273534434311489605e+02 5.500000000000000444e-01
8.347090678688873666e+00 1.120458494873076063e+02 5.500000000000000444e-01
9.350159418094644792e+00 1.485534811293891551e+02 5.500000000000000444e-01
8.003715579872944019e+00 1.136783102029379506e+02 5.500000000000000444e-01
8.436142694617759119e+00 1.180807141377774911e+02 5.500000000000000444e-01
9.088762283176217593e+00 1.372339940638194946e+02 5.500000000000000444e-01
8.341368101708654947e+00 1.331305694731869096e+02 5.500000000000000444e-01
8.405935964447246889e+00 1.499713858354710965e+02 5.500000000000000444e-01
7.718113203419440183e+00 1.113967407536453464e+02 5.500000000000000444e-01
8.327817074353275117e+00 1.530673031997147291e+02 5.500000000000000444e-01
9.687726218054850236e+00 1.471253982850863053e+02 5.500000000000000444e-01
7.711851322383737717e+00 1.153947253003304638e+02 5.500000000000000444e-01
8.464834301976251751e+00 1.357048477765358712e+02 5.500000000000000444e-01
8.608650967674922327e+00 1.476232458215001486e+02 5.500000000000000444e-01
8.089325673072476519e+00 1.489288410146124306e+02 5.500000000000000444e-01
7.928601930350945182e+00 1.264293154601273983e+02 5.500000000000000444e-01
7.963768569984940981e+00 1.231716822914901144e+02 5.500000000000000444e-01
8.316706839963064368e+00 1.464933414732104779e+02 5.500000000000000444e-01
7.215474004993595258e+00 1.164180881752467656e+02 5.500000000000000444e-01
7.845111089081759914e+00 1.541233558101509402e+02 5.500000000000000444e-01
7.926302886712950801e+00 1.515097334003214655e+02 5.500000000000000444e-01
7.890217509274140006e+00 1.314560511222103685e+02 5.500000000000000444e-01
7.481559610462640286e+00 1.223197711719288918e+02 5.500000000000000444e-01
8.222305013419862973e+00 1.415750193477915104e+02 5.500000000000000444e-01
7.430163907824664626e+00 1.135969307109065909e+02 5.500000000000000444e-01
7.884063649839021082e+00 1.575518714867022254e+02 5.500000000000000444e-01
7.359423038943207374e+00 1.536529171470991741e+02 5.500000000000000444e-01
7.539961714726287845e+00 1.253364304101873614e+02 5.500000000000000444e-01
7.465596721277990788e+00 1.335270662891121276e+02 5.500000000000000444e-01
8.110883576504072323e+00 1.391534257319071344e+02 5.500000000000000444e-01
7.726590347192987984e+00 1.474632025671019164e+02 5.500000000000000444e-01
7.612699619227023540e+00 1.401545609299579098e+02 5.500000000000000444e-01
7.214505959024423376e+00 1.490449181579501783e+02 5.500000000000000444e-01
7.511738500949597608e+00 1.369639979613072285e+02 5.500000000000000444e-01
7.154908425279632667e+00 1.203809011050918087e+02 5.500000000000000444e-01
7.761542858207991280e+00 1.429379450211100107e+02 5.500000000000000444e-01
6.992202414627298523e+00 1.334850768633980351e+02 5.500000000000000444e-01
6.989404366731977625e+00 1.293393978501562458e+02 5.500000000000000444e-01
6.678961355402876165e+00 1.558912342267263114e+02 5.500000000000000444e-01
6.824104657895617265e+00 1.512401250547135874e+02 5.500000000000000444e-01
6.546450279089221169e+00 1.223503348091910965e+02 5.500000000000000444e-01
7.033502483998784527e+00 1.374394315209925992e+02 5.500000000000000444e-01
6.483984777345033201e+00 1.255698282748754053e+02 5.500000000000000444e-01
7.277903837608205251e+00 1.453467004846051509e+02 5.500000000000000444e-01
6.855089967547574936e+00 1.150289250388694455e+02 5.500000000000000444e-01
6.500625695286385231e+00 1.294876411133006116e+02 5.500000000000000444e-01
6.521360878941885098e+00 1.590887213626638754e+02 5.500000000000000444e-01
6.127219614693607319e+00 1.211312133476010189e+02 5.500000000000000444e-01
6.556600487513588149e+00 1.378271693423022839e+02 5.500000000000000444e-01
6.021301819507102415e+00 1.599105039058350428e+02 5.500000000000000444e-01
5.852829692086968016e+00 1.155710218928687993e+02 5.500000000000000444e-01
6.046378406153742446e+00 1.251195092387550716e+02 5.500000000000000444e-01
6.629543594386545280e+00 1.419919477829579932e+02 5.500000000000000444e-01
6.074066547267850780e+00 1.381074380651049012e+02 5.500000000000000444e-01
6.033376860207030568e+00 1.337182116998510537e+02 5.500000000000000444e-01
5.797258633092690516e+00 1.506604939079754502e+02 5.500000000000000444e-01
6.028398058528133596e+00 1.111565068914557628e+02 5.500000000000000444e-01
5.603353419286221992e+00 1.243222846612239039e+02 5.500000000000000444e-01
5.556019060054339320e+00 1.289615416477446104e+02 5.500000000000000444e-01
6.141420225731925697e+00 1.424147239567846555e+02 5.500000000000000444e-01
6.248460123461071269e+00 1.509266809143860257e+02 5.500000000000000444e-01
5.510419729017454138e+00 1.571819836470815517e+02 5.500000000000000444e-01
5.555365352880195395e+00 1.336568345733177523e+02 5.500000000000000444e-01
5.660821101750166839e+00 1.427953751345043258e+02 5.500000000000000444e-01
5.153390458695395360e+00 1.232129106994864856e+02 5.500000000000000444e-01
5.739960764096061041e+00 1.469282861472725301e+02 5.500000000000000444e-01
5.184987389202608377e+00 1.434145162201188271e+02 5.500000000000000444e-01
4.826801291430547813e+00 1.163540013299244720e+02 5.500000000000000444e-01
5.090618066846762879e+00 1.283164018456214706e+02 5.500000000000000444e-01
5.111229879249122199e+00 1.385756037869858517e+02 5.500000000000000444e-01
5.018441870930713478e+00 1.117737459294418016e+02 5.500000000000000444e-01
4.713167288871547456e+00 1.444406632820212337e+02 5.500000000000000444e-01
4.603925188910301891e+00 1.332286214417368626e+02 5.500000000000000444e-01
4.635541218366699745e+00 1.389014149676158638e+02 5.500000000000000444e-01
4.137885925776091156e+00 1.329429897126966580e+02 5.500000000000000444e-01
4.157765344400582208e+00 1.265749706331873909e+02 5.500000000000000444e-01
4.173243692050220943e+00 1.392567857829227194e+02 5.500000000000000444e-01
5.129462837543599107e+00 1.539407804786303302e+02 5.500000000000000444e-01
4.235255737373798901e+00 1.202034587749175074e+02 5.500000000000000444e-01
3.670527202283789592e+00 1.327635646510817651e+02 5.500000000000000444e-01
4.855915583414977199e+00 1.495597729884341902e+02 5.500000000000000444e-01
3.682741798358639684e+00 1.256876003573451044e+02 5.500000000000000444e-01
3.190307799941659361e+00 1.330182493121788241e+02 5.500000000000000444e-01
4.376835824999719016e+00 1.138356470334844914e+02 5.500000000000000444e-01
4.358561456448312832e+00 1.524374103069796433e+02 5.500000000000000444e-01
3.381889947870995172e+00 1.468957668831184833e+02 5.500000000000000444e-01
3.269747773859760009e+00 1.167417061056823968e+02 5.500000000000000444e-01
3.812747232808693987e+00 1.517173017791002678e+02 5.500000000000000444e-01
3.896636512470596170e+00 1.118041009424880059e+02 5.500000000000000444e-01
2.707368933224337137e+00 1.343819953461820376e+02 5.500000000000000444e-01
3.786602594948170086e+00 1.460184723363465480e+02 5.500000000000000444e-01
2.781494756586619488e+00 1.139538130849045672e+02 5.500000000000000444e-01
3.783377437320502690e+00 1.564933301094730496e+02 5.500000000000000444e-01
2.662752729640993188e+00 1.241456202779812088e+02 5.500000000000000444e-01
2.858297641018003432e+00 1.433417822407574533e+02 5.500000000000000444e-01
2.287248204684901420e+00 1.101435444469630909e+02 5.500000000000000444e-01
3.409016508190416683e+00 1.599419988845887985e+02 5.500000000000000444e-01
2.493375098372885290e+00 1.483330275065471540e+02 5.500000000000000444e-01
2.070060396981608708e+00 1.236920844713490055e+02 5.500000000000000444e-01
2.833864448798192992e+00 1.576960489997206594e+02 5.500000000000000444e-01
2.152684920969962334e+00 1.552621615978248997e+02 5.500000000000000444e-01
8.895657640421996248e+00 1.221198019397290437e+02 5.500000000000000444e-01
1.455074548688286562e+01 1.358575493960003371e+02 5.500000000000000444e-01
1.399305277491564858e+01 1.265960942538487615e+02 5.500000000000000444e-01
1.406807180137436397e+01 1.532109221450783707e+02 5.500000000000000444e-01
1.409776601182200828e+01 1.356217315203847420e+02 5.500000000000000444e-01
1.415863710858518942e+01 1.338089659394495641e+02 5.500000000000000444e-01
1.359446567407858275e+01 1.113179791780483896e+02 5.500000000000000444e-01
1.361592236658903765e+01 1.130826314290339241e+02 5.500000000000000444e-01
1.362351174095777218e+01 1.550816550693440092e+02 5.500000000000000444e-01
1.314619757563479574e+01 1.167779553752447299e+02 5.500000000000000444e-01
1.313520339047382635e+01 1.187125348069972404e+02 5.500000000000000444e-01
1.313312960540515917e+01 1.383154974846421794e+02 5.500000000000000444e-01
1.236679592707356967e+01 1.401388815347957575e+02 5.500000000000000444e-01
1.317513409250768319e+01 1.551167759465498079e+02 5.500000000000000444e-01
1.269621698435124024e+01 1.206349862070894545e+02 5.500000000000000444e-01
1.226484257204335648e+01 1.224990341119658410e+02 5.500000000000000444e-01
1.226918403784689104e+01 1.127917457344280763e+02 5.500000000000000444e-01
1.277952140954351634e+01 1.569074504731624131e+02 5.500000000000000444e-01
1.309445697520308194e+01 1.245728474181358649e+02 5.500000000000000444e-01
1.288871410886264357e+01 1.323048664569772654e+02 5.500000000000000444e-01
1.184904963368919795e+01 1.168458730822326004e+02 5.500000000000000444e-01
1.191683024768713928e+01 1.206667796270451447e+02 5.500000000000000444e-01
1.189705701471256027e+01 1.364649794214309395e+02 5.500000000000000444e-01
1.167114143871269327e+01 1.339647616794056830e+02 5.500000000000000444e-01
1.245629077193701661e+01 1.568071113185919501e+02 5.500000000000000444e-01
1.221663204399277802e+01 1.590107241334096670e+02 5.500000000000000444e-01
1.138030843462429154e+01 1.234274676841689029e+02 5.500000000000000444e-01
1.161303838513916276e+01 1.306859427042767834e+02 5.500000000000000444e-01
1.136599962823476595e+01 1.168272503023337805e+02 5.500000000000000444e-01
1.226709462654893912e+01 1.280007694969544048e+02 5.500000000000000444e-01
1.102707278831358728e+01 1.222404922973359476e+02 5.500000000000000444e-01
1.122164107489905049e+01 1.210619997035732922e+02 5.500000000000000444e-01
1.110580590883026098e+01 1.154613528529375657e+02 5.500000000000000444e-01
1.076024538864806779e+01 1.205015595077247355e+02 5.500000000000000444e-01
1.018437522188955846e+01 1.195223069889441518e+02 5.500000000000000444e-01
9.830980259822959866e+00 1.436682288313234324e+02 5.500000000000000444e-01
8.734206872020548573e+00 1.105347034228991845e+02 5.500000000000000444e-01
9.993771685738009225e+00 1.315839720912625239e+02 5.500000000000000444e-01
1.070901056534832385e+01 1.515690140207491936e+02 5.500000000000000444e-01
9.642086929871027223e+00 1.299118352007294561e+02 5.500000000000000444e-01
9.329553774213335871e+00 1.339136278973806213e+02 5.500000000000000444e-01
9.176672405451233416e+00 1.315636880466204843e+02 5.500000000000000444e-01
1.056470111891352026e+01 1.572250586942751340e+02 5.500000000000000444e-01
1.009140417788429467e+01 1.511351422485706735e+02 5.500000000000000444e-01
8.611316117612227927e+00 1.383691952840443093e+02 5.500000000000000444e-01
8.956657725500072331e+00 1.185183749680382448e+02 5.500000000000000444e-01
8.767161290184700917e+00 1.322721224604846384e+02 5.500000000000000444e-01
9.508507488889764048e+00 1.505559697074760948e+02 5.500000000000000444e-01
8.868660304324146537e+00 1.454260075674163772e+02 5.500000000000000444e-01
8.568033419527438355e+00 1.441882184406133547e+02 5.500000000000000444e-01
8.634545309312050776e+00 1.297244971513973439e+02 5.500000000000000444e-01
7.989225845441134233e+00 1.364306538625031351e+02 5.500000000000000444e-01
8.268856731441793784e+00 1.434956978486642925e+02 5.500000000000000444e-01
8.212372017752274544e+00 1.306688428327338727e+02 5.500000000000000444e-01
8.024588411449649072e+00 1.284754904001181615e+02 5.500000000000000444e-01
8.214492820863556588e+00 1.251057950589422632e+02 5.500000000000000444e-01
8.315745740585205326e+00 1.215948898834673173e+02 5.500000000000000444e-01
8.110115894545424808e+00 1.195343210846969271e+02 5.500000000000000444e-01
9.374497970817625259e+00 1.590441447653367106e+02 5.500000000000000444e-01
9.543802424351948588e+00 1.576065517044836781e+02 5.500000000000000444e-01
9.076543273692383451e+00 1.496766505343762219e+02 5.500000000000000444e-01
9.298648659557770202e+00 1.539716849033810604e+02 5.500000000000000444e-01
7.777633896333959740e+00 1.210364245425437133e+02 5.500000000000000444e-01
7.589702769104541780e+00 1.189647730359015583e+02 5.500000000000000444e-01
7.497789074779337426e+00 1.169731525175207452e+02 5.500000000000000444e-01
6.448533843670397836e+00 1.130976264258785591e+02 5.500000000000000444e-01
8.677112316843594186e+00 1.508964887300683699e+02 5.500000000000000444e-01
8.550975895669250093e+00 1.595409497177349465e+02 5.500000000000000444e-01
9.018929881214743816e+00 1.551887945582098780e+02 5.500000000000000444e-01
6.700347031844072099e+00 1.188107762288624087e+02 5.500000000000000444e-01
5.434889762295539661e+00 1.140198313619814030e+02 5.500000000000000444e-01
7.541820539078844199e+00 1.504143122772913159e+02 5.500000000000000444e-01
8.684531095216826202e+00 1.561861684074429490e+02 5.500000000000000444e-01
5.272698509978068770e+00 1.183883219196084724e+02 5.500000000000000444e-01
6.214045301546857303e+00 1.466362911373681470e+02 5.500000000000000444e-01
4.695402023275035752e+00 1.218087477406129011e+02 5.500000000000000444e-01
5.727577068881264388e+00 1.538573697525802402e+02 5.500000000000000444e-01
5.452957520039422690e+00 1.514794582600220565e+02 5.500000000000000444e-01
4.784581434677041223e+00 1.572236644726484656e+02 5.500000000000000444e-01
3.271057465420290633e+00 1.406040243663980220e+02 5.500000000000000444e-01
3.087547244414149183e+00 1.500760556131961323e+02 5.500000000000000444e-01
