-6.805409895499094248e-16 7.659574459991101492e+01 7.400000000000000000e+01
-6.051226809107055704e-16 7.276595687111785082e+01 7.400000000000000000e+01
-5.270018088563520126e-16 6.893617029944225294e+01 7.400000000000000000e+01
-4.465271466720117922e-16 6.510638179379952817e+01 7.400000000000000000e+01
-3.640582727015571746e-16 6.127659597763783239e+01 7.400000000000000000e+01
3.000000000000000000e+01 7.659574459991101492e+01 7.400000000000000000e+01
3.000000000000000000e+01 7.276595687111785082e+01 7.400000000000000000e+01
3.000000000000000000e+01 6.893617029944225294e+01 7.400000000000000000e+01
3.000000000000000000e+01 6.510638179379952817e+01 7.400000000000000000e+01
3.000000000000000000e+01 6.127659597763783239e+01 7.400000000000000000e+01
9.999999999999996669e-01 6.127659597763783239e+01 7.400000000000000000e+01
9.999999999999995559e-01 6.510638179379952817e+01 7.400000000000000000e+01
9.999999999999993339e-01 6.893617029944225294e+01 7.400000000000000000e+01
9.999999999999993339e-01 7.276595687111785082e+01 7.400000000000000000e+01
9.999999999999993339e-01 7.659574459991101492e+01 7.400000000000000000e+01
1.999999999999999556e+00 6.127659597763783239e+01 7.400000000000000000e+01
1.999999999999999556e+00 6.510638179379952817e+01 7.400000000000000000e+01
1.999999999999999556e+00 6.893617029944225294e+01 7.400000000000000000e+01
1.999999999999999556e+00 7.276595687111785082e+01 7.400000000000000000e+01
1.999999999999999112e+00 7.659574459991101492e+01 7.400000000000000000e+01
2.999999999999999556e+00 6.127659597763783239e+01 7.400000000000000000e+01
2.999999999999999556e+00 6.510638179379952817e+01 7.400000000000000000e+01
2.999999999999999556e+00 6.893617029944225294e+01 7.400000000000000000e+01
2.999999999999999556e+00 7.276595687111785082e+01 7.400000000000000000e+01
2.999999999999999112e+00 7.659574459991101492e+01 7.400000000000000000e+01
3.999999999999999112e+00 6.127659597763783239e+01 7.400000000000000000e+01
3.999999999999999112e+00 6.510638179379952817e+01 7.400000000000000000e+01
3.999999999999999112e+00 6.893617029944225294e+01 7.400000000000000000e+01
3.999999999999999112e+00 7.276595687111785082e+01 7.400000000000000000e+01
3.999999999999999112e+00 7.659574459991101492e+01 7.400000000000000000e+01
4.999999999999999112e+00 6.127659597763783239e+01 7.400000000000000000e+01
4.999999999999999112e+00 6.510638179379952817e+01 7.400000000000000000e+01
4.999999999999999112e+00 6.893617029944225294e+01 7.400000000000000000e+01
4.999999999999999112e+00 7.276595687111785082e+01 7.400000000000000000e+01
4.999999999999999112e+00 7.659574459991101492e+01 7.400000000000000000e+01
5.999999999999999112e+00 6.127659597763783239e+01 7.400000000000000000e+01
5.999999999999999112e+00 6.510638179379952817e+01 7.400000000000000000e+01
5.999999999999999112e+00 6.893617029944225294e+01 7.400000000000000000e+01
5.999999999999999112e+00 7.276595687111785082e+01 7.400000000000000000e+01
5.999999999999999112e+00 7.659574459991101492e+01 7.400000000000000000e+01
6.999999999999999112e+00 6.127659597763783239e+01 7.400000000000000000e+01
6.999999999999999112e+00 6.510638179379952817e+01 7.400000000000000000e+01
6.999999999999999112e+00 6.893617029944225294e+01 7.400000000000000000e+01
6.999999999999999112e+00 7.276595687111785082e+01 7.400000000000000000e+01
6.999999999999999112e+00 7.659574459991101492e+01 7.400000000000000000e+01
7.999999999999999112e+00 6.127659597763783239e+01 7.400000000000000000e+01
7.999999999999999112e+00 6.510638179379952817e+01 7.400000000000000000e+01
7.999999999999999112e+00 6.893617029944225294e+01 7.400000000000000000e+01
7.999999999999999112e+00 7.276595687111785082e+01 7.400000000000000000e+01
7.999999999999999112e+00 7.659574459991101492e+01 7.400000000000000000e+01
9.000000000000000000e+00 6.127659597763783239e+01 7.400000000000000000e+01
9.000000000000000000e+00 6.510638179379952817e+01 7.400000000000000000e+01
9.000000000000000000e+00 6.893617029944225294e+01 7.400000000000000000e+01
9.000000000000000000e+00 7.276595687111785082e+01 7.400000000000000000e+01
8.999999999999998224e+00 7.659574459991101492e+01 7.400000000000000000e+01
1.000000000000000000e+01 6.127659597763783239e+01 7.400000000000000000e+01
1.000000000000000000e+01 6.510638179379952817e+01 7.400000000000000000e+01
1.000000000000000000e+01 6.893617029944225294e+01 7.400000000000000000e+01
1.000000000000000000e+01 7.276595687111785082e+01 7.400000000000000000e+01
9.999999999999998224e+00 7.659574459991101492e+01 7.400000000000000000e+01
1.100000000000000000e+01 6.127659597763783239e+01 7.400000000000000000e+01
1.100000000000000000e+01 6.510638179379952817e+01 7.400000000000000000e+01
1.100000000000000000e+01 6.893617029944225294e+01 7.400000000000000000e+01
1.100000000000000000e+01 7.276595687111785082e+01 7.400000000000000000e+01
1.099999999999999822e+01 7.659574459991101492e+01 7.400000000000000000e+01
1.200000000000000000e+01 6.127659597763783239e+01 7.400000000000000000e+01
1.200000000000000000e+01 6.510638179379952817e+01 7.400000000000000000e+01
1.200000000000000000e+01 6.893617029944225294e+01 7.400000000000000000e+01
1.200000000000000000e+01 7.276595687111785082e+01 7.400000000000000000e+01
1.199999999999999822e+01 7.659574459991101492e+01 7.400000000000000000e+01
1.300000000000000000e+01 6.127659597763783239e+01 7.400000000000000000e+01
1.300000000000000000e+01 6.510638179379952817e+01 7.400000000000000000e+01
1.300000000000000000e+01 6.893617029944225294e+01 7.400000000000000000e+01
1.300000000000000000e+01 7.276595687111785082e+01 7.400000000000000000e+01
1.299999999999999822e+01 7.659574459991101492e+01 7.400000000000000000e+01
1.400000000000000000e+01 6.127659597763783239e+01 7.400000000000000000e+01
1.400000000000000000e+01 6.510638179379952817e+01 7.400000000000000000e+01
1.400000000000000000e+01 6.893617029944225294e+01 7.400000000000000000e+01
1.400000000000000000e+01 7.276595687111785082e+01 7.400000000000000000e+01
1.399999999999999822e+01 7.659574459991101492e+01 7.400000000000000000e+01
1.500000000000000000e+01 6.127659597763783239e+01 7.400000000000000000e+01
1.500000000000000000e+01 6.510638179379952817e+01 7.400000000000000000e+01
1.500000000000000000e+01 6.893617029944225294e+01 7.400000000000000000e+01
1.500000000000000000e+01 7.276595687111785082e+01 7.400000000000000000e+01
1.499999999999999822e+01 7.659574459991101492e+01 7.400000000000000000e+01
1.600000000000000000e+01 6.127659597763783239e+01 7.400000000000000000e+01
1.600000000000000000e+01 6.510638179379952817e+01 7.400000000000000000e+01
1.600000000000000000e+01 6.893617029944225294e+01 7.400000000000000000e+01
1.600000000000000000e+01 7.276595687111785082e+01 7.400000000000000000e+01
1.599999999999999822e+01 7.659574459991101492e+01 7.400000000000000000e+01
1.700000000000000000e+01 6.127659597763783239e+01 7.400000000000000000e+01
1.700000000000000000e+01 6.510638179379952817e+01 7.400000000000000000e+01
1.700000000000000000e+01 6.893617029944225294e+01 7.400000000000000000e+01
1.700000000000000000e+01 7.276595687111785082e+01 7.400000000000000000e+01
1.700000000000000000e+01 7.659574459991101492e+01 7.400000000000000000e+01
1.800000000000000000e+01 6.127659597763783239e+01 7.400000000000000000e+01
1.800000000000000000e+01 6.510638179379952817e+01 7.400000000000000000e+01
1.800000000000000000e+01 6.893617029944225294e+01 7.400000000000000000e+01
1.800000000000000000e+01 7.276595687111785082e+01 7.400000000000000000e+01
1.800000000000000000e+01 7.659574459991101492e+01 7.400000000000000000e+01
1.900000000000000000e+01 6.127659597763783239e+01 7.400000000000000000e+01
1.900000000000000000e+01 6.510638179379952817e+01 7.400000000000000000e+01
1.900000000000000000e+01 6.893617029944225294e+01 7.400000000000000000e+01
1.900000000000000000e+01 7.276595687111785082e+01 7.400000000000000000e+01
1.900000000000000000e+01 7.659574459991101492e+01 7.400000000000000000e+01
2.000000000000000000e+01 6.127659597763783239e+01 7.400000000000000000e+01
2.000000000000000000e+01 6.510638179379952817e+01 7.400000000000000000e+01
2.000000000000000000e+01 6.893617029944225294e+01 7.400000000000000000e+01
2.000000000000000000e+01 7.276595687111785082e+01 7.400000000000000000e+01
2.000000000000000000e+01 7.659574459991101492e+01 7.400000000000000000e+01
2.100000000000000000e+01 6.127659597763783239e+01 7.400000000000000000e+01
2.100000000000000000e+01 6.510638179379952817e+01 7.400000000000000000e+01
2.100000000000000000e+01 6.893617029944225294e+01 7.400000000000000000e+01
2.100000000000000000e+01 7.276595687111785082e+01 7.400000000000000000e+01
2.100000000000000000e+01 7.659574459991101492e+01 7.400000000000000000e+01
2.200000000000000000e+01 6.127659597763783239e+01 7.400000000000000000e+01
2.200000000000000000e+01 6.510638179379952817e+01 7.400000000000000000e+01
2.200000000000000000e+01 6.893617029944225294e+01 7.400000000000000000e+01
2.200000000000000000e+01 7.276595687111785082e+01 7.400000000000000000e+01
2.200000000000000000e+01 7.659574459991101492e+01 7.400000000000000000e+01
2.300000000000000000e+01 6.127659597763783239e+01 7.400000000000000000e+01
2.300000000000000000e+01 6.510638179379952817e+01 7.400000000000000000e+01
2.300000000000000000e+01 6.893617029944225294e+01 7.400000000000000000e+01
2.300000000000000000e+01 7.276595687111785082e+01 7.400000000000000000e+01
2.300000000000000000e+01 7.659574459991101492e+01 7.400000000000000000e+01
2.400000000000000000e+01 6.127659597763783239e+01 7.400000000000000000e+01
2.400000000000000000e+01 6.510638179379952817e+01 7.400000000000000000e+01
2.400000000000000000e+01 6.893617029944225294e+01 7.400000000000000000e+01
2.400000000000000000e+01 7.276595687111785082e+01 7.400000000000000000e+01
2.400000000000000000e+01 7.659574459991101492e+01 7.400000000000000000e+01
2.500000000000000000e+01 6.127659597763783239e+01 7.400000000000000000e+01
2.500000000000000000e+01 6.510638179379952817e+01 7.400000000000000000e+01
2.500000000000000000e+01 6.893617029944225294e+01 7.400000000000000000e+01
2.500000000000000000e+01 7.276595687111785082e+01 7.400000000000000000e+01
2.500000000000000000e+01 7.659574459991101492e+01 7.400000000000000000e+01
2.600000000000000000e+01 6.127659597763783239e+01 7.400000000000000000e+01
2.600000000000000000e+01 6.510638179379952817e+01 7.400000000000000000e+01
2.600000000000000000e+01 6.893617029944225294e+01 7.400000000000000000e+01
2.600000000000000000e+01 7.276595687111785082e+01 7.400000000000000000e+01
2.600000000000000000e+01 7.659574459991101492e+01 7.400000000000000000e+01
2.700000000000000000e+01 6.127659597763783239e+01 7.400000000000000000e+01
2.700000000000000000e+01 6.510638179379952817e+01 7.400000000000000000e+01
2.700000000000000000e+01 6.893617029944225294e+01 7.400000000000000000e+01
2.700000000000000000e+01 7.276595687111785082e+01 7.400000000000000000e+01
2.700000000000000000e+01 7.659574459991101492e+01 7.400000000000000000e+01
2.800000000000000000e+01 6.127659597763783239e+01 7.400000000000000000e+01
2.800000000000000000e+01 6.510638179379952817e+01 7.400000000000000000e+01
2.800000000000000000e+01 6.893617029944225294e+01 7.400000000000000000e+01
2.800000000000000000e+01 7.276595687111785082e+01 7.400000000000000000e+01
2.800000000000000000e+01 7.659574459991101492e+01 7.400000000000000000e+01
2.900000000000000000e+01 6.127659597763783239e+01 7.400000000000000000e+01
2.900000000000000000e+01 6.510638179379952817e+01 7.400000000000000000e+01
2.900000000000000000e+01 6.893617029944225294e+01 7.400000000000000000e+01
2.900000000000000000e+01 7.276595687111785082e+01 7.400000000000000000e+01
2.900000000000000000e+01 7.659574459991101492e+01 7.400000000000000000e+01
4.486355969999999616e+01 6.933640910240684718e+01 7.400000000000000000e+01
4.471193889999999982e+01 7.527010059172127399e+01 7.400000000000000000e+01
4.450394629999999552e+01 7.818057324702631661e+01 7.400000000000000000e+01
4.393292239999999538e+01 7.923265399786193086e+01 7.400000000000000000e+01
4.442018889999999942e+01 6.595264292447677690e+01 7.400000000000000000e+01
4.409507940000000303e+01 7.152383250517399915e+01 7.400000000000000000e+01
4.367826840000000033e+01 7.116944705250783443e+01 7.400000000000000000e+01
4.325201230000000407e+01 7.172149326897952903e+01 7.400000000000000000e+01
4.322755240000000043e+01 7.930476904837614427e+01 7.400000000000000000e+01
4.321981619999999680e+01 6.390496378409942224e+01 7.400000000000000000e+01
4.273108290000000409e+01 6.586264749573480515e+01 7.400000000000000000e+01
4.228904719999999884e+01 7.354464094809142694e+01 7.400000000000000000e+01
4.168988799999999628e+01 7.027231994221932609e+01 7.400000000000000000e+01
4.112010769999999837e+01 7.295981868289754857e+01 7.400000000000000000e+01
4.056046299999999860e+01 6.982883745757153804e+01 7.400000000000000000e+01
4.006975359999999853e+01 7.297850834282364474e+01 7.400000000000000000e+01
3.893851089999999715e+01 7.890586448739577463e+01 7.400000000000000000e+01
3.984359930000000105e+01 7.648851767387702694e+01 7.400000000000000000e+01
4.141325760000000145e+01 7.539524502946700579e+01 7.400000000000000000e+01
4.227145769999999914e+01 7.921221056498274038e+01 7.400000000000000000e+01
4.277337649999999769e+01 7.902118971803363934e+01 7.400000000000000000e+01
4.278863330000000076e+01 7.252762202742387387e+01 7.400000000000000000e+01
4.365274050000000017e+01 6.301547194607535829e+01 7.400000000000000000e+01
4.401797100000000285e+01 6.092601245677025190e+01 7.400000000000000000e+01
4.205434420000000273e+01 6.298181364923700443e+01 7.400000000000000000e+01
4.153459360000000089e+01 6.596748488887475048e+01 7.400000000000000000e+01
4.102676579999999973e+01 6.840475098705157109e+01 7.400000000000000000e+01
4.039166639999999830e+01 6.683537891826325961e+01 7.400000000000000000e+01
4.021042440000000084e+01 7.047447323201700442e+01 7.400000000000000000e+01
4.053385349999999931e+01 6.144829688270254309e+01 7.400000000000000000e+01
3.966653060000000153e+01 6.282045558538113283e+01 7.400000000000000000e+01
3.928531459999999953e+01 6.890049469345503041e+01 7.400000000000000000e+01
3.568942450000000122e+01 7.799866238709282129e+01 7.400000000000000000e+01
3.687853619999999921e+01 7.614928279997225502e+01 7.400000000000000000e+01
3.777802090000000135e+01 7.269222537314067267e+01 7.400000000000000000e+01
3.860715480000000355e+01 7.230819006372843205e+01 7.400000000000000000e+01
4.000332260000000417e+01 6.874991694111979257e+01 7.400000000000000000e+01
4.012850759999999894e+01 6.444317726534822555e+01 7.400000000000000000e+01
4.082929040000000498e+01 6.458706442437647866e+01 7.400000000000000000e+01
4.130855370000000448e+01 6.177871900341886402e+01 7.400000000000000000e+01
3.904760360000000219e+01 6.550750597263811414e+01 7.400000000000000000e+01
3.838794710000000521e+01 6.737450629355318199e+01 7.400000000000000000e+01
3.762821770000000043e+01 6.843652150160727388e+01 7.400000000000000000e+01
3.710654830000000004e+01 7.279656334179259147e+01 7.400000000000000000e+01
3.572842980000000068e+01 7.445740952794636769e+01 7.400000000000000000e+01
3.498589710000000252e+01 7.856483068193465158e+01 7.400000000000000000e+01
3.454111480000000256e+01 7.813714743883306824e+01 7.400000000000000000e+01
3.416086389999999540e+01 7.956568626496428465e+01 7.400000000000000000e+01
3.820156289999999899e+01 6.282095004827126417e+01 7.400000000000000000e+01
3.445920750000000510e+01 7.657473171743008322e+01 7.400000000000000000e+01
3.511203770000000191e+01 7.414303216294455012e+01 7.400000000000000000e+01
3.584779929999999837e+01 7.158738949815509045e+01 7.400000000000000000e+01
3.647233769999999708e+01 7.219049575344209302e+01 7.400000000000000000e+01
3.663611980000000301e+01 6.933978260042631803e+01 7.400000000000000000e+01
3.712300869999999975e+01 6.383989846571256521e+01 7.400000000000000000e+01
3.384313960000000066e+01 7.761019067557545270e+01 7.400000000000000000e+01
3.314948270000000008e+01 7.929014008735219932e+01 7.400000000000000000e+01
3.364181899999999814e+01 7.518850057759463823e+01 7.400000000000000000e+01
3.433352849999999989e+01 7.159313752731401337e+01 7.400000000000000000e+01
3.430707739999999717e+01 6.858451077623813319e+01 7.400000000000000000e+01
3.518066220000000044e+01 6.844378910102443569e+01 7.400000000000000000e+01
3.526180080000000316e+01 6.544739177848025236e+01 7.400000000000000000e+01
3.443048480000000211e+01 6.209060893180448915e+01 7.400000000000000000e+01
3.432785989999999998e+01 6.539880559519984615e+01 7.400000000000000000e+01
3.336000819999999578e+01 6.560412198213245460e+01 7.400000000000000000e+01
3.340934749999999553e+01 6.912677559077987155e+01 7.400000000000000000e+01
3.267600059999999473e+01 7.343532150457288310e+01 7.400000000000000000e+01
3.286707119999999804e+01 7.654535625397338094e+01 7.400000000000000000e+01
3.201790619999999876e+01 7.808337541382238101e+01 7.400000000000000000e+01
3.169303700000000035e+01 7.122808864039106425e+01 7.400000000000000000e+01
3.154618260000000163e+01 6.802196993797120683e+01 7.400000000000000000e+01
3.247739789999999971e+01 6.232941530717241818e+01 7.400000000000000000e+01
3.339554210000000012e+01 6.152002215471816982e+01 7.400000000000000000e+01
3.083123780000000025e+01 7.216285995158949618e+01 7.400000000000000000e+01
3.105972669999999880e+01 7.949694149408404087e+01 7.400000000000000000e+01
3.092591290000000015e+01 7.579632813734920660e+01 7.400000000000000000e+01
3.076568410000000142e+01 6.856869630781277181e+01 7.400000000000000000e+01
3.077317520000000073e+01 6.505812152410726412e+01 7.400000000000000000e+01
3.168900299999999959e+01 6.177724784605854325e+01 7.400000000000000000e+01
3.085997679999999832e+01 6.135961126887405470e+01 7.400000000000000000e+01
3.513203239999999994e+01 7.138521637979509649e+01 7.400000000000000000e+01
3.154028509999999841e+01 6.518389969964303532e+01 7.400000000000000000e+01
3.596252439999999950e+01 6.872261446094559290e+01 7.400000000000000000e+01
3.757687380000000132e+01 7.687618767305664846e+01 7.400000000000000000e+01
3.634227369999999979e+01 6.241461087048898548e+01 7.400000000000000000e+01
3.925392719999999969e+01 7.475780688224993753e+01 7.400000000000000000e+01
3.183007050000000149e+01 7.467124321649548335e+01 7.400000000000000000e+01
3.253430180000000149e+01 7.003071438037075325e+01 7.400000000000000000e+01
3.234247969999999839e+01 6.625237923372829130e+01 7.400000000000000000e+01
3.350292400000000015e+01 7.234597118171970465e+01 7.400000000000000000e+01
4.363904000000000138e+01 7.918404538029606954e+01 7.400000000000000000e+01
3.438480570000000114e+01 7.433221417562326394e+01 7.400000000000000000e+01
3.649198150000000140e+01 7.951740511778540110e+01 7.400000000000000000e+01
3.505755229999999756e+01 7.662270503387239273e+01 7.400000000000000000e+01
3.536310579999999959e+01 6.248048693985168711e+01 7.400000000000000000e+01
4.221684270000000083e+01 6.808770642664566708e+01 7.400000000000000000e+01
3.612152860000000487e+01 6.577764882544687453e+01 7.400000000000000000e+01
3.828439709999999963e+01 7.759095115625879657e+01 7.400000000000000000e+01
3.625059129999999641e+01 7.517076443793725105e+01 7.400000000000000000e+01
4.180508799999999781e+01 7.454680821255280421e+01 7.400000000000000000e+01
4.176786420000000533e+01 7.940126744614484267e+01 7.400000000000000000e+01
4.039972879999999833e+01 7.740139511390718496e+01 7.400000000000000000e+01
3.686851500000000215e+01 6.673833968387812376e+01 7.400000000000000000e+01
3.752365109999999504e+01 6.098477375483799534e+01 7.400000000000000000e+01
3.712703510000000051e+01 7.023979775886056132e+01 7.400000000000000000e+01
4.130677029999999661e+01 7.893599411295176083e+01 7.400000000000000000e+01
4.055964850000000155e+01 7.331744035157176143e+01 7.400000000000000000e+01
3.963475800000000504e+01 7.132545472818678434e+01 7.400000000000000000e+01
3.764975549999999771e+01 6.507384469245658920e+01 7.400000000000000000e+01
3.881520270000000039e+01 6.261798493025654011e+01 7.400000000000000000e+01
4.089494899999999689e+01 7.773694722470871454e+01 7.400000000000000000e+01
3.977487750000000233e+01 6.648611834439280699e+01 7.400000000000000000e+01
-1.058515499999999054e+00 6.117064175442222762e+01 7.400000000000000000e+01
-9.772520000000004536e-01 6.506288271406369006e+01 7.400000000000000000e+01
-9.475756000000009616e-01 6.881574467331923017e+01 7.400000000000000000e+01
-9.383297000000012655e-01 7.256970231167311169e+01 7.400000000000000000e+01
-9.354496000000007694e-01 7.635580050727485002e+01 7.400000000000000000e+01
-1.889097199999999033e+00 7.235559277282872870e+01 7.400000000000000000e+01
-1.900001499999999011e+00 6.869288011839967112e+01 7.400000000000000000e+01
-1.901929899999999396e+00 6.518857002575393267e+01 7.400000000000000000e+01
-2.004089400000002019e+00 6.154670111236807628e+01 7.400000000000000000e+01
-1.875701899999999922e+00 7.611895056506087087e+01 7.400000000000000000e+01
-1.880338700000000030e+00 7.984063740934425368e+01 7.400000000000000000e+01
-2.844255400000001988e+00 7.213051090683849509e+01 7.400000000000000000e+01
-2.897468600000000283e+00 6.839858436626306570e+01 7.400000000000000000e+01
-3.715705900000000117e+00 6.401229387992393072e+01 7.400000000000000000e+01
-4.592729599999999301e+00 6.175281046114149319e+01 7.400000000000000000e+01
-4.049789400000002537e+00 6.779943296967240940e+01 7.400000000000000000e+01
-4.458417900000001488e+00 7.263568849034132313e+01 7.400000000000000000e+01
-3.732315100000001440e+00 7.215508149362223378e+01 7.400000000000000000e+01
-2.793012600000001733e+00 7.594928882027110717e+01 7.400000000000000000e+01
-2.790769600000001738e+00 7.967545071538123125e+01 7.400000000000000000e+01
-3.649183300000001573e+00 7.586879412235678899e+01 7.400000000000000000e+01
-5.169670100000002044e+00 7.285443721059910160e+01 7.400000000000000000e+01
-5.295141200000000659e+00 6.953216561784256555e+01 7.400000000000000000e+01
-5.293127100000000418e+00 6.526854190045382609e+01 7.400000000000000000e+01
-6.094926800000000533e+00 6.107768744992412024e+01 7.400000000000000000e+01
-3.684625600000001278e+00 7.939534857173634919e+01 7.400000000000000000e+01
-9.972480799999999590e+00 6.182864458434742261e+01 7.400000000000000000e+01
-8.558372500000000827e+00 6.725681811422366252e+01 7.400000000000000000e+01
-4.558666200000002000e+00 7.879312165174933114e+01 7.400000000000000000e+01
-4.417123799999999711e+00 7.574979305623645587e+01 7.400000000000000000e+01
-6.407533600000001606e+00 7.469772006806680054e+01 7.400000000000000000e+01
-6.726531999999999734e+00 7.191091543812682119e+01 7.400000000000000000e+01
-7.016754200000002051e+00 6.899053598255957809e+01 7.400000000000000000e+01
-7.489791900000001057e+00 6.634468514042296761e+01 7.400000000000000000e+01
-8.750711400000000140e+00 6.116907196673783886e+01 7.400000000000000000e+01
-1.095397760000000176e+01 6.051282131679833043e+01 7.400000000000000000e+01
-1.057493399999999895e+01 6.291959626989270760e+01 7.400000000000000000e+01
-1.012949940000000026e+01 6.701329022275265856e+01 7.400000000000000000e+01
-9.524795499999999748e+00 6.880279107378359527e+01 7.400000000000000000e+01
-8.225219700000000245e+00 7.274575082770354584e+01 7.400000000000000000e+01
-7.430074699999999588e+00 7.381201545467516212e+01 7.400000000000000000e+01
-6.838039400000000434e+00 7.627018565258640592e+01 7.400000000000000000e+01
-6.266534799999999628e+00 7.735034107581100216e+01 7.400000000000000000e+01
-5.453737300000001120e+00 7.739185876207127990e+01 7.400000000000000000e+01
-1.177954289999999915e+01 6.240225403580978281e+01 7.400000000000000000e+01
-1.071600529999999907e+01 6.635135108255026637e+01 7.400000000000000000e+01
-9.813327799999999712e+00 7.236109436008156592e+01 7.400000000000000000e+01
-8.899725000000000108e+00 7.116632070111138830e+01 7.400000000000000000e+01
-1.380281069999999843e+01 6.158135475968300199e+01 7.400000000000000000e+01
-1.337411880000000153e+01 6.472196495276951111e+01 7.400000000000000000e+01
-1.286995699999999943e+01 6.734783676962901211e+01 7.400000000000000000e+01
-1.149664689999999823e+01 7.540875391845634113e+01 7.400000000000000000e+01
-1.083562849999999855e+01 7.473002029691389225e+01 7.400000000000000000e+01
-1.025491519999999923e+01 7.423815498884790998e+01 7.400000000000000000e+01
-1.000545310000000043e+01 7.855744829121145756e+01 7.400000000000000000e+01
-7.080045700000000330e+00 7.880665605108976024e+01 7.400000000000000000e+01
-7.692777600000000326e+00 7.718197183906377745e+01 7.400000000000000000e+01
-8.381010100000001017e+00 7.647569829742570846e+01 7.400000000000000000e+01
-9.225698500000000024e+00 7.591267312421265956e+01 7.400000000000000000e+01
-1.028648570000000007e+01 7.085964573546736744e+01 7.400000000000000000e+01
-1.084945109999999957e+01 7.048588779557439921e+01 7.400000000000000000e+01
-1.149301529999999971e+01 6.986140424257293091e+01 7.400000000000000000e+01
-1.219578740000000039e+01 6.814212961757519338e+01 7.400000000000000000e+01
-1.386653330000000039e+01 6.845238440376125766e+01 7.400000000000000000e+01
-1.345940020000000104e+01 7.084714561931630783e+01 7.400000000000000000e+01
-1.295752329999999830e+01 7.371931856946220307e+01 7.400000000000000000e+01
-1.225345610000000107e+01 7.691588032202548675e+01 7.400000000000000000e+01
-1.066990849999999824e+01 7.900100313996080104e+01 7.400000000000000000e+01
-1.479675870000000160e+01 6.983867085810214803e+01 7.400000000000000000e+01
-1.313350110000000015e+01 7.984084851860170318e+01 7.400000000000000000e+01
-1.354987720000000095e+01 7.675629546996059105e+01 7.400000000000000000e+01
-1.389476200000000006e+01 7.975120700607732260e+01 7.400000000000000000e+01
-1.389191629999999833e+01 7.483758649596015289e+01 7.400000000000000000e+01
-1.418832210000000060e+01 7.576809924625675308e+01 7.400000000000000000e+01
-1.452516560000000112e+01 6.753069688213358290e+01 7.400000000000000000e+01
-7.507967000000001612e+00 6.066716472136810978e+01 7.400000000000000000e+01
-6.036319700000000843e+00 7.041737279682698158e+01 7.400000000000000000e+01
-2.683994299999998834e+00 6.243884957944408853e+01 7.400000000000000000e+01
-7.798980700000002209e+00 7.988620228805923773e+01 7.400000000000000000e+01
-2.807775500000002200e+00 6.511814843041939582e+01 7.400000000000000000e+01
-5.782464999999999300e+00 7.375033081845843697e+01 7.400000000000000000e+01
-3.212863899999998996e+00 6.073248480023765694e+01 7.400000000000000000e+01
-6.315061600000000830e+00 6.703482456236342557e+01 7.400000000000000000e+01
-6.845214800000001709e+00 6.368544132992136042e+01 7.400000000000000000e+01
-1.496751019999999954e+01 7.173354588408146526e+01 7.400000000000000000e+01
-1.421506499999999917e+01 6.731172374930649482e+01 7.400000000000000000e+01
-4.601095200000000496e+00 6.993273032540285783e+01 7.400000000000000000e+01
-5.018341100000001553e+00 7.535205299423854797e+01 7.400000000000000000e+01
-1.281418800000000147e+01 6.149505122412504932e+01 7.400000000000000000e+01
-8.081304599999999283e+00 6.384064830777558797e+01 7.400000000000000000e+01
-1.240807149999999837e+01 6.290458124351184210e+01 7.400000000000000000e+01
-1.128154370000000029e+01 6.483800119825076536e+01 7.400000000000000000e+01
-9.206920600000000121e+00 6.475258872073437999e+01 7.400000000000000000e+01
-7.968402900000001843e+00 6.928624149205121796e+01 7.400000000000000000e+01
-7.486185100000001036e+00 7.067231520294384950e+01 7.400000000000000000e+01
