9.000000000000000000e+01 4.925267407370023420e+01 5.500000000000000444e-01
9.000000000000000000e+01 4.542288739484143889e+01 5.500000000000000444e-01
9.000000000000000000e+01 4.159310143110917579e+01 5.500000000000000444e-01
9.000000000000000000e+01 3.776331102724356015e+01 5.500000000000000444e-01
9.000000000000000000e+01 3.393352765077020194e+01 5.500000000000000444e-01
9.000000000000000000e+01 3.010373954655710804e+01 5.500000000000000444e-01
9.000000000000000000e+01 2.627395174533762656e+01 5.500000000000000444e-01
9.000000000000000000e+01 2.244416405148120930e+01 5.500000000000000444e-01
8.709677426880837459e+01 4.925265290413392449e+01 5.500000000000000444e-01
8.709677418421388495e+01 4.542288676167777339e+01 5.500000000000000444e-01
8.709677397442479219e+01 4.159311154899927487e+01 5.500000000000000444e-01
8.709677408279299016e+01 3.776329184753177515e+01 5.500000000000000444e-01
8.709677400082492227e+01 3.393352047978919472e+01 5.500000000000000444e-01
8.709677416379732051e+01 3.010375598282865894e+01 5.500000000000000444e-01
8.709677411274979875e+01 2.627392790908476172e+01 5.500000000000000444e-01
8.709677417567139912e+01 2.244416386723901269e+01 5.500000000000000444e-01
8.419354774255118912e+01 4.925265090348398189e+01 5.500000000000000444e-01
8.419354837937886771e+01 4.542288557012238925e+01 5.500000000000000444e-01
8.419354831994243682e+01 4.159311272073273358e+01 5.500000000000000444e-01
8.419354795102564992e+01 3.776329071121756442e+01 5.500000000000000444e-01
8.419354855356957046e+01 3.393352087563107489e+01 5.500000000000000444e-01
8.419354815607557896e+01 3.010375532221564754e+01 5.500000000000000444e-01
8.419354817463759844e+01 2.627392763471408443e+01 5.500000000000000444e-01
8.419354829966586351e+01 2.244416374189648877e+01 5.500000000000000444e-01
8.129032272426663042e+01 4.925265094030839919e+01 5.500000000000000444e-01
8.129032347153405169e+01 4.542288615928850959e+01 5.500000000000000444e-01
8.129032318756333098e+01 4.159311285974422390e+01 5.500000000000000444e-01
8.129032285921471157e+01 3.776329098622068159e+01 5.500000000000000444e-01
8.129032322291186574e+01 3.393352031385205692e+01 5.500000000000000444e-01
8.129032310076379986e+01 3.010375602045979804e+01 5.500000000000000444e-01
8.129032287369261667e+01 2.627392767491738823e+01 5.500000000000000444e-01
8.129032259129432703e+01 2.244416359848952425e+01 5.500000000000000444e-01
7.838709688505363715e+01 4.925265333307800120e+01 5.500000000000000444e-01
7.838709612400988647e+01 4.542288560297049571e+01 5.500000000000000444e-01
7.838709609992295668e+01 4.159311139758989384e+01 5.500000000000000444e-01
7.838709676604761967e+01 3.776329214425345526e+01 5.500000000000000444e-01
7.838709636559472926e+01 3.393352057335215477e+01 5.500000000000000444e-01
7.838709628347230307e+01 3.010375544769118505e+01 5.500000000000000444e-01
7.838709586613796887e+01 2.627392750696299117e+01 5.500000000000000444e-01
7.838709699565920630e+01 2.244416382649416164e+01 5.500000000000000444e-01
7.548387167433097034e+01 4.925265323856314126e+01 5.500000000000000444e-01
7.548387193020865027e+01 4.542288641322022613e+01 5.500000000000000444e-01
7.548387008767926432e+01 4.159311236875868190e+01 5.500000000000000444e-01
7.548387110458534721e+01 3.776329209076754978e+01 5.500000000000000444e-01
7.548387065960957898e+01 3.393351996256808434e+01 5.500000000000000444e-01
7.548387045726849465e+01 3.010375534895780447e+01 5.500000000000000444e-01
7.548387019832654232e+01 2.627392771974388097e+01 5.500000000000000444e-01
7.548387089728724675e+01 2.244416356582161143e+01 5.500000000000000444e-01
7.258064515019866292e+01 4.925265189079271977e+01 5.500000000000000444e-01
7.258064645229300993e+01 4.542288631955005940e+01 5.500000000000000444e-01
7.258064506741121136e+01 4.159311145763450668e+01 5.500000000000000444e-01
7.258064573204538306e+01 3.776329197019248340e+01 5.500000000000000444e-01
7.258064548095097734e+01 3.393352083536552755e+01 5.500000000000000444e-01
7.258064517465584231e+01 3.010375576289277433e+01 5.500000000000000444e-01
7.258064598065170969e+01 2.627392759852182280e+01 5.500000000000000444e-01
7.258064626318605406e+01 2.244416390450243171e+01 5.500000000000000444e-01
6.967741961266924022e+01 4.925265171153193933e+01 5.500000000000000444e-01
6.967741857641964032e+01 4.542288456756824644e+01 5.500000000000000444e-01
6.967741984765214625e+01 4.159311263595611763e+01 5.500000000000000444e-01
6.967741998883906263e+01 3.776329197177761898e+01 5.500000000000000444e-01
6.967741874324801188e+01 3.393352033340994467e+01 5.500000000000000444e-01
6.967741860032232637e+01 3.010375589770728766e+01 5.500000000000000444e-01
6.967741985589103137e+01 2.627392781816342904e+01 5.500000000000000444e-01
6.967741998054700048e+01 2.244416400059662919e+01 5.500000000000000444e-01
6.677419395159606097e+01 4.925265200790471454e+01 5.500000000000000444e-01
6.677419380893968537e+01 4.542288639545239448e+01 5.500000000000000444e-01
6.677419329563645078e+01 4.159311266070153579e+01 5.500000000000000444e-01
6.677419270728917411e+01 3.776329201191458651e+01 5.500000000000000444e-01
6.677419268902043825e+01 3.393351991009905078e+01 5.500000000000000444e-01
6.677419358244556236e+01 3.010375592596932393e+01 5.500000000000000444e-01
6.677419304770496922e+01 2.627392764497540156e+01 5.500000000000000444e-01
6.677419170388093050e+01 2.244416364612135339e+01 5.500000000000000444e-01
6.387096621920888850e+01 4.925265190672558901e+01 5.500000000000000444e-01
6.387096863418828718e+01 4.542288631803000953e+01 5.500000000000000444e-01
6.387096743223649753e+01 4.159311181204191143e+01 5.500000000000000444e-01
6.387096798226968986e+01 3.776329174283881684e+01 5.500000000000000444e-01
6.387096823411124547e+01 3.393352011034130555e+01 5.500000000000000444e-01
6.387096754061575155e+01 3.010375547649522332e+01 5.500000000000000444e-01
6.387096859713017949e+01 2.627392795667554992e+01 5.500000000000000444e-01
6.387096794434434344e+01 2.244416401501706559e+01 5.500000000000000444e-01
6.096774232622944112e+01 4.925265204512766104e+01 5.500000000000000444e-01
6.096774303846661525e+01 4.542288625442978400e+01 5.500000000000000444e-01
6.096774216593671269e+01 4.159311270952855466e+01 5.500000000000000444e-01
6.096774145859229321e+01 3.776329167630581196e+01 5.500000000000000444e-01
6.096774058126558771e+01 3.393352016752703548e+01 5.500000000000000444e-01
6.096774206277805774e+01 3.010375563032499713e+01 5.500000000000000444e-01
6.096774055376580748e+01 2.627392769788446003e+01 5.500000000000000444e-01
6.096774053466992171e+01 2.244416357957385344e+01 5.500000000000000444e-01
5.806451577345791293e+01 4.925265226388540896e+01 5.500000000000000444e-01
5.806451712625358397e+01 4.542288602803364483e+01 5.500000000000000444e-01
5.806451441277367564e+01 4.159311194906285891e+01 5.500000000000000444e-01
5.806451338066161583e+01 3.776329160412132069e+01 5.500000000000000444e-01
5.806451507910523446e+01 3.393352043989159483e+01 5.500000000000000444e-01
5.806451435148975548e+01 3.010375585363669870e+01 5.500000000000000444e-01
5.806451623124544170e+01 2.627392778664756179e+01 5.500000000000000444e-01
5.806451367021981014e+01 2.244416366981067767e+01 5.500000000000000444e-01
5.516129179626253887e+01 4.925265325930541849e+01 5.500000000000000444e-01
5.516129291405587054e+01 4.542288565015422819e+01 5.500000000000000444e-01
5.516129095689507267e+01 4.159311199676756132e+01 5.500000000000000444e-01
5.516129158456456594e+01 3.776329182741625345e+01 5.500000000000000444e-01
5.516129047302113975e+01 3.393352070517761376e+01 5.500000000000000444e-01
5.516129029750030810e+01 3.010375551799518234e+01 5.500000000000000444e-01
5.516129137971717000e+01 2.627392753606108045e+01 5.500000000000000444e-01
5.516129219581534926e+01 2.244416375399748631e+01 5.500000000000000444e-01
5.225806674731131096e+01 4.925265236627797094e+01 5.500000000000000444e-01
5.225806430745851827e+01 4.542288594990020556e+01 5.500000000000000444e-01
5.225806506977573207e+01 4.159311299159855935e+01 5.500000000000000444e-01
5.225806611244337319e+01 3.776329172980939575e+01 5.500000000000000444e-01
5.225806473256098172e+01 3.393352018651359003e+01 5.500000000000000444e-01
5.225806572871046285e+01 3.010375620312282763e+01 5.500000000000000444e-01
5.225806445861333316e+01 2.627392810034501736e+01 5.500000000000000444e-01
5.225806366153707927e+01 2.244416345932455670e+01 5.500000000000000444e-01
4.935483880192825978e+01 4.925265189884157735e+01 5.500000000000000444e-01
4.935483903160275077e+01 4.542288593971898081e+01 5.500000000000000444e-01
4.935483698740991798e+01 4.159311242745155823e+01 5.500000000000000444e-01
4.935483844104615514e+01 3.776329197832706086e+01 5.500000000000000444e-01
4.935483977801310829e+01 3.393352032313748623e+01 5.500000000000000444e-01
4.935483955365783970e+01 3.010375609630057170e+01 5.500000000000000444e-01
4.935483749448479074e+01 2.627392787834224919e+01 5.500000000000000444e-01
4.935483813322894520e+01 2.244416376695852477e+01 5.500000000000000444e-01
4.645161228700546019e+01 4.925265247661502599e+01 5.500000000000000444e-01
4.645161319206990669e+01 4.542288587755990648e+01 5.500000000000000444e-01
4.645161258003130911e+01 4.159311198292112977e+01 5.500000000000000444e-01
4.645161021987686922e+01 3.776329171928466621e+01 5.500000000000000444e-01
4.645161330206826023e+01 3.393352013069045370e+01 5.500000000000000444e-01
4.645161087681353251e+01 3.010375596073930637e+01 5.500000000000000444e-01
4.645161131704683299e+01 2.627392780092907287e+01 5.500000000000000444e-01
4.645161224874883743e+01 2.244416357631439496e+01 5.500000000000000444e-01
4.354838576050369170e+01 4.925265151962327081e+01 5.500000000000000444e-01
4.354838474732861187e+01 4.542288499652227074e+01 5.500000000000000444e-01
4.354838526233803719e+01 4.159311286508142302e+01 5.500000000000000444e-01
4.354838500461346484e+01 3.776329175951048001e+01 5.500000000000000444e-01
4.354838669793176820e+01 3.393352013069045370e+01 5.500000000000000444e-01
4.354838628499712883e+01 3.010375532716096814e+01 5.500000000000000444e-01
4.354838563956328557e+01 2.627392724175837202e+01 5.500000000000000444e-01
4.354838775125116968e+01 2.244416357631439496e+01 5.500000000000000444e-01
4.064516119807176153e+01 4.925265189884157735e+01 5.500000000000000444e-01
4.064516285966465148e+01 4.542288494878937399e+01 5.500000000000000444e-01
4.064516301259011044e+01 4.159311242745155823e+01 5.500000000000000444e-01
4.064516155895387328e+01 3.776329197832706086e+01 5.500000000000000444e-01
4.064516292660459840e+01 3.393352097592571681e+01 5.500000000000000444e-01
4.064516294388841544e+01 3.010375541307848835e+01 5.500000000000000444e-01
4.064516250551523058e+01 2.627392787834219234e+01 5.500000000000000444e-01
4.064516186677107612e+01 2.244416376695841109e+01 5.500000000000000444e-01
3.774193538292840344e+01 4.925265321650800843e+01 5.500000000000000444e-01
3.774193569254150304e+01 4.542288594990014872e+01 5.500000000000000444e-01
3.774193684715038444e+01 4.159311202912908811e+01 5.500000000000000444e-01
3.774193388755665524e+01 3.776329172980939575e+01 5.500000000000000444e-01
3.774193526743905380e+01 3.393352018651359003e+01 5.500000000000000444e-01
3.774193666821279436e+01 3.010375547592053636e+01 5.500000000000000444e-01
3.774193554138668816e+01 2.627392810034501736e+01 5.500000000000000444e-01
3.774193633846294915e+01 2.244416345932455670e+01 5.500000000000000444e-01
3.483870820373748245e+01 4.925265325930547533e+01 5.500000000000000444e-01
3.483871107807594569e+01 4.542288530877306130e+01 5.500000000000000444e-01
3.483870904310493444e+01 4.159311199676750448e+01 5.500000000000000444e-01
3.483870841543545538e+01 3.776329182741625345e+01 5.500000000000000444e-01
3.483870952697887446e+01 3.393352070517767061e+01 5.500000000000000444e-01
3.483870970249971322e+01 3.010375551799518234e+01 5.500000000000000444e-01
3.483870862028285842e+01 2.627392753606102360e+01 5.500000000000000444e-01
3.483870780418465785e+01 2.244416375399754315e+01 5.500000000000000444e-01
3.193548194041262178e+01 4.925265152914153077e+01 5.500000000000000444e-01
3.193548287374643024e+01 4.542288602803364483e+01 5.500000000000000444e-01
3.193548127298448236e+01 4.159311233815230935e+01 5.500000000000000444e-01
3.193548196594391442e+01 3.776329196306318181e+01 5.500000000000000444e-01
3.193548337620385169e+01 3.393352016919521930e+01 5.500000000000000444e-01
3.193548405615569763e+01 3.010375562055151022e+01 5.500000000000000444e-01
3.193548198703475194e+01 2.627392757199203288e+01 5.500000000000000444e-01
3.193548442800718234e+01 2.244416348467706257e+01 5.500000000000000444e-01
2.903225767377057309e+01 4.925265204512766104e+01 5.500000000000000444e-01
2.903225442285812363e+01 4.542288562063083646e+01 5.500000000000000444e-01
2.903225515292631442e+01 4.159311213116319550e+01 5.500000000000000444e-01
2.903225706468902700e+01 3.776329140385365690e+01 5.500000000000000444e-01
2.903225606058014208e+01 3.393352081406516163e+01 5.500000000000000444e-01
2.903225622531106254e+01 3.010375540718160892e+01 5.500000000000000444e-01
2.903225761055254495e+01 2.627392750094708163e+01 5.500000000000000444e-01
2.903225750595922960e+01 2.244416340972168200e+01 5.500000000000000444e-01
2.612903136223069112e+01 4.925265129500741068e+01 5.500000000000000444e-01
2.612902875902611299e+01 4.542288574288016889e+01 5.500000000000000444e-01
2.612902978276296651e+01 4.159311263677199122e+01 5.500000000000000444e-01
2.612903050139261296e+01 3.776329149559825282e+01 5.500000000000000444e-01
2.612902852851794222e+01 3.393352080387006708e+01 5.500000000000000444e-01
2.612902897702126737e+01 3.010375609962738963e+01 5.500000000000000444e-01
2.612902951793852679e+01 2.627392777796194423e+01 5.500000000000000444e-01
2.612903004371675308e+01 2.244416386088232684e+01 5.500000000000000444e-01
2.322580362443336099e+01 4.925265147154675560e+01 5.500000000000000444e-01
2.322580224434135943e+01 4.542288563364559195e+01 5.500000000000000444e-01
2.322580388642874638e+01 4.159311219072247923e+01 5.500000000000000444e-01
2.322580263651788002e+01 3.776329134773146734e+01 5.500000000000000444e-01
2.322580255993596765e+01 3.393352042743242691e+01 5.500000000000000444e-01
2.322580289401041398e+01 3.010375557087246534e+01 5.500000000000000444e-01
2.322580317399942373e+01 2.627392733158120564e+01 5.500000000000000444e-01
2.322580253259549465e+01 2.244416400568491099e+01 5.500000000000000444e-01
2.032258286087579435e+01 4.925265218389705524e+01 5.500000000000000444e-01
2.032258414635430199e+01 4.542288502114507764e+01 5.500000000000000444e-01
2.032258308909661437e+01 4.159311305866850716e+01 5.500000000000000444e-01
2.032258426149711639e+01 3.776329132262662824e+01 5.500000000000000444e-01
2.032258289251574013e+01 3.393352050373721340e+01 5.500000000000000444e-01
2.032258323573212877e+01 3.010375605739938010e+01 5.500000000000000444e-01
2.032258211290983141e+01 2.627392795910122913e+01 5.500000000000000444e-01
2.032258358994236147e+01 2.244416346067328050e+01 5.500000000000000444e-01
1.741935613496048063e+01 4.925265209870406125e+01 5.500000000000000444e-01
1.741935631806099138e+01 4.542288671051500160e+01 5.500000000000000444e-01
1.741935785840567874e+01 4.159311181440477867e+01 5.500000000000000444e-01
1.741935587943823549e+01 3.776329213825721354e+01 5.500000000000000444e-01
1.741935734555412196e+01 3.393352001200611312e+01 5.500000000000000444e-01
1.741935669348353244e+01 3.010375590054093209e+01 5.500000000000000444e-01
1.741935702415650411e+01 2.627392778074585067e+01 5.500000000000000444e-01
1.741935718876224826e+01 2.244416335530797824e+01 5.500000000000000444e-01
1.451612957527093783e+01 4.925265340539095860e+01 5.500000000000000444e-01
1.451612947520273877e+01 4.542288657689499587e+01 5.500000000000000444e-01
1.451612991232076233e+01 4.159311236875868190e+01 5.500000000000000444e-01
1.451613053043847223e+01 3.776329223148582059e+01 5.500000000000000444e-01
1.451613022143097709e+01 3.393352002670354750e+01 5.500000000000000444e-01
1.451613041146972094e+01 3.010375540178114306e+01 5.500000000000000444e-01
1.451612980167348788e+01 2.627392771974388097e+01 5.500000000000000444e-01
1.451613018742107641e+01 2.244416360968483559e+01 5.500000000000000444e-01
1.161290311494636107e+01 4.925265333307800120e+01 5.500000000000000444e-01
1.161290387599012419e+01 4.542288560297049571e+01 5.500000000000000444e-01
1.161290390007705220e+01 4.159311139758989384e+01 5.500000000000000444e-01
1.161290323395239277e+01 3.776329214425345526e+01 5.500000000000000444e-01
1.161290363440528672e+01 3.393352057335209793e+01 5.500000000000000444e-01
1.161290371652771647e+01 3.010375544769118505e+01 5.500000000000000444e-01
1.161290413386207021e+01 2.627392750696304802e+01 5.500000000000000444e-01
1.161290300434081502e+01 2.244416382649416164e+01 5.500000000000000444e-01
8.709677275733385571e+00 4.925265094030839919e+01 5.500000000000000444e-01
8.709677245973166393e+00 4.542288620872926685e+01 5.500000000000000444e-01
8.709676812436690341e+00 4.159311285974422390e+01 5.500000000000000444e-01
8.709677140785320404e+00 3.776329098622068159e+01 5.500000000000000444e-01
8.709676777088148469e+00 3.393352031385200007e+01 5.500000000000000444e-01
8.709676899236209024e+00 3.010375602045979804e+01 5.500000000000000444e-01
8.709677126307402872e+00 2.627392767491738823e+01 5.500000000000000444e-01
8.709677408705667645e+00 2.244416359848958109e+01 5.500000000000000444e-01
5.806450917429059722e+00 4.925265083322136661e+01 5.500000000000000444e-01
5.806450543408732123e+00 4.542288552085085485e+01 5.500000000000000444e-01
5.806450518190156451e+00 4.159311267481405139e+01 5.500000000000000444e-01
5.806450795769734441e+00 3.776329066885671182e+01 5.500000000000000444e-01
5.806450541006553223e+00 3.393352084974469562e+01 5.500000000000000444e-01
5.806450490189675406e+00 3.010375619497864363e+01 5.500000000000000444e-01
5.806450789706489424e+00 2.627392761435794455e+01 5.500000000000000444e-01
5.806450594895220085e+00 2.244416372433988727e+01 5.500000000000000444e-01
2.903224060899702863e+00 4.925265286045646462e+01 5.500000000000000444e-01
2.903223834266721148e+00 4.542288671647713727e+01 5.500000000000000444e-01
2.903224083813134460e+00 4.159311151072728308e+01 5.500000000000000444e-01
2.903224026616841869e+00 3.776329181566109128e+01 5.500000000000000444e-01
2.903223961667710018e+00 3.393352045073760337e+01 5.500000000000000444e-01
2.903223897079281191e+00 3.010375595973403051e+01 5.500000000000000444e-01
2.903224061291316271e+00 2.627392789118596284e+01 5.500000000000000444e-01
2.903223875335660953e+00 2.244416385180187490e+01 5.500000000000000444e-01
7.269816596323445995e-15 4.925267407370023420e+01 5.500000000000000444e-01
7.857014052717570903e-15 4.542288739484143889e+01 5.500000000000000444e-01
8.459730043130480020e-15 4.159310143110917579e+01 5.500000000000000444e-01
9.068103808557763547e-15 3.776331102724356015e+01 5.500000000000000444e-01
9.668077045673123621e-15 3.393352765077020194e+01 5.500000000000000444e-01
1.024064271146936249e-14 3.010373954655710804e+01 5.500000000000000444e-01
1.076140419785024609e-14 2.627395174533762656e+01 5.500000000000000444e-01
1.120079010515452789e-14 2.244416405148120930e+01 5.500000000000000444e-01
