9.000000000000000000e+01 1.871250181018797889e+02 1.500000000000000000e+00
9.000000000000000000e+01 1.832952273985910665e+02 1.500000000000000000e+00
9.000000000000000000e+01 1.794654417396881740e+02 1.500000000000000000e+00
9.000000000000000000e+01 1.756356575707902152e+02 1.500000000000000000e+00
9.000000000000000000e+01 1.718058706662270652e+02 1.500000000000000000e+00
9.000000000000000000e+01 1.679760822711227206e+02 1.500000000000000000e+00
9.000000000000000000e+01 1.641462955175472302e+02 1.500000000000000000e+00
9.000000000000000000e+01 1.603165077414089126e+02 1.500000000000000000e+00
8.709677403479129509e+01 1.871250250743163690e+02 1.500000000000000000e+00
8.709677415376899035e+01 1.832952276139230889e+02 1.500000000000000000e+00
8.709677408914518537e+01 1.794654306456816073e+02 1.500000000000000000e+00
8.709677396990153397e+01 1.756356642338890310e+02 1.500000000000000000e+00
8.709677395747682738e+01 1.718058626138249281e+02 1.500000000000000000e+00
8.709677417457295689e+01 1.679760691620484465e+02 1.500000000000000000e+00
8.709677417503932872e+01 1.641463030572955688e+02 1.500000000000000000e+00
8.709677409378441837e+01 1.603165037365992873e+02 1.500000000000000000e+00
8.419354815714775953e+01 1.871250245926632942e+02 1.500000000000000000e+00
8.419354838567018362e+01 1.832952275653944696e+02 1.500000000000000000e+00
8.419354840772606963e+01 1.794654307000000131e+02 1.500000000000000000e+00
8.419354780519726944e+01 1.756356644441546564e+02 1.500000000000000000e+00
8.419354836372210116e+01 1.718058639125736704e+02 1.500000000000000000e+00
8.419354848972983518e+01 1.679760696903899202e+02 1.500000000000000000e+00
8.419354803157114020e+01 1.641463015780464048e+02 1.500000000000000000e+00
8.419354809011097984e+01 1.603165043063054895e+02 1.500000000000000000e+00
8.129032335676801324e+01 1.871250245724032766e+02 1.500000000000000000e+00
8.129032288110185789e+01 1.832952277443779678e+02 1.500000000000000000e+00
8.129032235503002823e+01 1.794654306106104116e+02 1.500000000000000000e+00
8.129032319434408294e+01 1.756356649010998296e+02 1.500000000000000000e+00
8.129032303688853744e+01 1.718058627547263200e+02 1.500000000000000000e+00
8.129032246717915200e+01 1.679760673490154659e+02 1.500000000000000000e+00
8.129032310607176726e+01 1.641463016948110294e+02 1.500000000000000000e+00
8.129032233942126595e+01 1.603165028503283054e+02 1.500000000000000000e+00
7.838709632429457486e+01 1.871250252080921541e+02 1.500000000000000000e+00
7.838709592931866155e+01 1.832952277758670903e+02 1.500000000000000000e+00
7.838709646793097363e+01 1.794654306790360181e+02 1.500000000000000000e+00
7.838709637205694492e+01 1.756356650613023191e+02 1.500000000000000000e+00
7.838709610414267104e+01 1.718058632109137420e+02 1.500000000000000000e+00
7.838709576844414073e+01 1.679760671688586342e+02 1.500000000000000000e+00
7.838709590433624896e+01 1.641463022610159896e+02 1.500000000000000000e+00
7.838709585739087515e+01 1.603165044435104107e+02 1.500000000000000000e+00
7.548387121163906954e+01 1.871250246329229014e+02 1.500000000000000000e+00
7.548386981398304840e+01 1.832952280674026326e+02 1.500000000000000000e+00
7.548387073902074462e+01 1.794654306980077934e+02 1.500000000000000000e+00
7.548387094321826396e+01 1.756356644923391173e+02 1.500000000000000000e+00
7.548387168182922835e+01 1.718058638485011045e+02 1.500000000000000000e+00
7.548387036370712622e+01 1.679760673571917380e+02 1.500000000000000000e+00
7.548387044258892331e+01 1.641463026740615589e+02 1.500000000000000000e+00
7.548387136577663625e+01 1.603165073279689921e+02 1.500000000000000000e+00
7.258064612511337543e+01 1.871250242361883807e+02 1.500000000000000000e+00
7.258064643022532891e+01 1.832952274492679976e+02 1.500000000000000000e+00
7.258064689425174265e+01 1.794654306963837485e+02 1.500000000000000000e+00
7.258064588083674096e+01 1.756356650729727278e+02 1.500000000000000000e+00
7.258064690537692343e+01 1.718058635528005880e+02 1.500000000000000000e+00
7.258064550172896645e+01 1.679760673637867683e+02 1.500000000000000000e+00
7.258064550772272128e+01 1.641463014716071029e+02 1.500000000000000000e+00
7.258064642830923674e+01 1.603165071975846843e+02 1.500000000000000000e+00
6.967741993447825166e+01 1.871250243553271844e+02 1.500000000000000000e+00
6.967741937294081822e+01 1.832952274062084541e+02 1.500000000000000000e+00
6.967741909154177904e+01 1.794654306677917361e+02 1.500000000000000000e+00
6.967741990951431319e+01 1.756356647061172964e+02 1.500000000000000000e+00
6.967741951405891143e+01 1.718058630050770716e+02 1.500000000000000000e+00
6.967741792948022805e+01 1.679760670711086448e+02 1.500000000000000000e+00
6.967741930029048092e+01 1.641463036952538630e+02 1.500000000000000000e+00
6.967741934668870840e+01 1.603165040680207483e+02 1.500000000000000000e+00
6.677419394877406944e+01 1.871250244201272324e+02 1.500000000000000000e+00
6.677419246483999871e+01 1.832952278371138277e+02 1.500000000000000000e+00
6.677419249849134530e+01 1.794654305924977109e+02 1.500000000000000000e+00
6.677419308375066009e+01 1.756356651737784773e+02 1.500000000000000000e+00
6.677419324626040975e+01 1.718058634188398059e+02 1.500000000000000000e+00
6.677419226425470811e+01 1.679760680035055600e+02 1.500000000000000000e+00
6.677419279137282615e+01 1.641463020370328252e+02 1.500000000000000000e+00
6.677419311909289945e+01 1.603165060904638040e+02 1.500000000000000000e+00
6.387096792659804834e+01 1.871250247607750907e+02 1.500000000000000000e+00
6.387096777597619024e+01 1.832952278069968486e+02 1.500000000000000000e+00
6.387096842282597464e+01 1.794654306498780727e+02 1.500000000000000000e+00
6.387096872305509265e+01 1.756356649818542905e+02 1.500000000000000000e+00
6.387096755790366842e+01 1.718058632631326077e+02 1.500000000000000000e+00
6.387096862437038425e+01 1.679760683100136305e+02 1.500000000000000000e+00
6.387096764980387320e+01 1.641463027988902468e+02 1.500000000000000000e+00
6.387096798200996517e+01 1.603165048414568332e+02 1.500000000000000000e+00
6.096774155009199347e+01 1.871250244890388785e+02 1.500000000000000000e+00
6.096774011506892776e+01 1.832952278108535040e+02 1.500000000000000000e+00
6.096774104393208660e+01 1.794654306481306492e+02 1.500000000000000000e+00
6.096774232099347302e+01 1.756356649407665032e+02 1.500000000000000000e+00
6.096774191637077678e+01 1.718058636903270440e+02 1.500000000000000000e+00
6.096774086131552650e+01 1.679760677704255443e+02 1.500000000000000000e+00
6.096774030726813010e+01 1.641463023494897584e+02 1.500000000000000000e+00
6.096774065150381006e+01 1.603165058845914643e+02 1.500000000000000000e+00
5.806451344161689576e+01 1.871250246791186669e+02 1.500000000000000000e+00
5.806451541219143309e+01 1.832952278118474112e+02 1.500000000000000000e+00
5.806451481935014414e+01 1.794654306160177839e+02 1.500000000000000000e+00
5.806451371884318036e+01 1.756356647446054922e+02 1.500000000000000000e+00
5.806451449277383148e+01 1.718058637519535807e+02 1.500000000000000000e+00
5.806451540777693765e+01 1.679760689580026849e+02 1.500000000000000000e+00
5.806451414942202405e+01 1.641463019255346580e+02 1.500000000000000000e+00
5.806451374259613374e+01 1.603165045092465562e+02 1.500000000000000000e+00
5.516129325328693511e+01 1.871250246242813091e+02 1.500000000000000000e+00
5.516129198981179371e+01 1.832952276834453471e+02 1.500000000000000000e+00
5.516129033642729951e+01 1.794654306515621442e+02 1.500000000000000000e+00
5.516129083805857647e+01 1.756356646825894643e+02 1.500000000000000000e+00
5.516129087236959094e+01 1.718058628739252072e+02 1.500000000000000000e+00
5.516129028249511634e+01 1.679760681663001662e+02 1.500000000000000000e+00
5.516129171468249126e+01 1.641463028780267734e+02 1.500000000000000000e+00
5.516129121527519885e+01 1.603165061675310596e+02 1.500000000000000000e+00
5.225806486862190070e+01 1.871250245010757283e+02 1.500000000000000000e+00
5.225806664216598563e+01 1.832952278157577553e+02 1.500000000000000000e+00
5.225806439565685224e+01 1.794654306122978937e+02 1.500000000000000000e+00
5.225806484116035477e+01 1.756356646361502101e+02 1.500000000000000000e+00
5.225806409361528182e+01 1.718058633084377220e+02 1.500000000000000000e+00
5.225806466961593344e+01 1.679760676889154638e+02 1.500000000000000000e+00
5.225806662938644820e+01 1.641463030725534225e+02 1.500000000000000000e+00
5.225806457127215765e+01 1.603165049576773242e+02 1.500000000000000000e+00
4.935483733491035707e+01 1.871250247986421016e+02 1.500000000000000000e+00
4.935483701140834967e+01 1.832952277020433485e+02 1.500000000000000000e+00
4.935484018270407347e+01 1.794654306562979116e+02 1.500000000000000000e+00
4.935483833222305350e+01 1.756356644976929431e+02 1.500000000000000000e+00
4.935483791815067889e+01 1.718058635644424044e+02 1.500000000000000000e+00
4.935483865207006460e+01 1.679760688244016080e+02 1.500000000000000000e+00
4.935483706570427387e+01 1.641463025627265893e+02 1.500000000000000000e+00
4.935483870858345057e+01 1.603165039850989615e+02 1.500000000000000000e+00
4.645161104476322578e+01 1.871250247366214410e+02 1.500000000000000000e+00
4.645161130633744051e+01 1.832952277098964657e+02 1.500000000000000000e+00
4.645161225839534325e+01 1.794654306040208098e+02 1.500000000000000000e+00
4.645161160801646361e+01 1.756356646863568187e+02 1.500000000000000000e+00
4.645161258503068780e+01 1.718058628957157623e+02 1.500000000000000000e+00
4.645161240485700205e+01 1.679760676196654856e+02 1.500000000000000000e+00
4.645161155727594604e+01 1.641463030654763315e+02 1.500000000000000000e+00
4.645161189048771888e+01 1.603165064480361082e+02 1.500000000000000000e+00
4.354838454335909148e+01 1.871250247043718389e+02 1.500000000000000000e+00
4.354838429326784421e+01 1.832952276949511656e+02 1.500000000000000000e+00
4.354838559864172254e+01 1.794654306530948134e+02 1.500000000000000000e+00
4.354838387043764669e+01 1.756356646861168258e+02 1.500000000000000000e+00
4.354838526262912524e+01 1.718058636454337602e+02 1.500000000000000000e+00
4.354838543187982935e+01 1.679760687154630432e+02 1.500000000000000000e+00
4.354838615101125043e+01 1.641463016995247699e+02 1.500000000000000000e+00
4.354838579725400649e+01 1.603165047638644012e+02 1.500000000000000000e+00
4.064516266508965003e+01 1.871250247986420447e+02 1.500000000000000000e+00
4.064516298859166454e+01 1.832952277020436895e+02 1.500000000000000000e+00
4.064516184332511983e+01 1.794654306049221759e+02 1.500000000000000000e+00
4.064516166777694650e+01 1.756356644976929431e+02 1.500000000000000000e+00
4.064516208184932822e+01 1.718058635644422338e+02 1.500000000000000000e+00
4.064516134792993540e+01 1.679760688244016649e+02 1.500000000000000000e+00
4.064516293429574034e+01 1.641463025627265608e+02 1.500000000000000000e+00
4.064516371203218625e+01 1.603165055773717427e+02 1.500000000000000000e+00
3.774193513137809930e+01 1.871250245010756998e+02 1.500000000000000000e+00
3.774193581916136253e+01 1.832952275604080228e+02 1.500000000000000000e+00
3.774193560434315486e+01 1.794654306122965295e+02 1.500000000000000000e+00
3.774193515883965233e+01 1.756356646361500680e+02 1.500000000000000000e+00
3.774193590638472529e+01 1.718058633084378357e+02 1.500000000000000000e+00
3.774193533038407367e+01 1.679760676889152933e+02 1.500000000000000000e+00
3.774193530602340019e+01 1.641463015047548026e+02 1.500000000000000000e+00
3.774193542872784946e+01 1.603165049576773242e+02 1.500000000000000000e+00
3.483871109078467754e+01 1.871250248488715044e+02 1.500000000000000000e+00
3.483870801018821339e+01 1.832952276834458019e+02 1.500000000000000000e+00
3.483870966357270049e+01 1.794654306515635085e+02 1.500000000000000000e+00
3.483870916194143064e+01 1.756356646825894643e+02 1.500000000000000000e+00
3.483870912763042327e+01 1.718058628739250935e+02 1.500000000000000000e+00
3.483870971750489787e+01 1.679760681663001662e+02 1.500000000000000000e+00
3.483870828531751584e+01 1.641463028780266598e+02 1.500000000000000000e+00
3.483870878472480825e+01 1.603165061675310881e+02 1.500000000000000000e+00
3.193548217244205745e+01 1.871250243511424287e+02 1.500000000000000000e+00
3.193548458780858113e+01 1.832952278118477238e+02 1.500000000000000000e+00
3.193548353536000306e+01 1.794654306734786360e+02 1.500000000000000000e+00
3.193548199099206641e+01 1.756356649211584795e+02 1.500000000000000000e+00
3.193548271651674852e+01 1.718058631760013668e+02 1.500000000000000000e+00
3.193548192759459070e+01 1.679760681582742450e+02 1.500000000000000000e+00
3.193548149473645026e+01 1.641463025593353393e+02 1.500000000000000000e+00
3.193548186251167209e+01 1.603165052907012580e+02 1.500000000000000000e+00
2.903225572136061317e+01 1.871250249258973781e+02 1.500000000000000000e+00
2.903225557345849239e+01 1.832952276293609373e+02 1.500000000000000000e+00
2.903225623649987241e+01 1.794654306152705487e+02 1.500000000000000000e+00
2.903225495610539397e+01 1.756356646727435304e+02 1.500000000000000000e+00
2.903225535216077802e+01 1.718058631883357066e+02 1.500000000000000000e+00
2.903225486957134294e+01 1.679760683586129915e+02 1.500000000000000000e+00
2.903225539367691965e+01 1.641463031208129166e+02 1.500000000000000000e+00
2.903225655912624958e+01 1.603165046982762192e+02 1.500000000000000000e+00
2.612903074625634048e+01 1.871250249485590587e+02 1.500000000000000000e+00
2.612902952958464198e+01 1.832952275194876108e+02 1.500000000000000000e+00
2.612903010742057575e+01 1.794654306341844006e+02 1.500000000000000000e+00
2.612902980539015019e+01 1.756356648538430534e+02 1.500000000000000000e+00
2.612902963734502038e+01 1.718058628075936838e+02 1.500000000000000000e+00
2.612902989195320558e+01 1.679760679595811723e+02 1.500000000000000000e+00
2.612902951143968977e+01 1.641463019257610938e+02 1.500000000000000000e+00
2.612903051051305781e+01 1.603165042748576070e+02 1.500000000000000000e+00
2.322580303252676970e+01 1.871250247938017708e+02 1.500000000000000000e+00
2.322580467485977351e+01 1.832952280016256736e+02 1.500000000000000000e+00
2.322580203953468470e+01 1.794654306888369035e+02 1.500000000000000000e+00
2.322580269881596493e+01 1.756356648528169728e+02 1.500000000000000000e+00
2.322580388290526798e+01 1.718058630109222236e+02 1.500000000000000000e+00
2.322580224534744531e+01 1.679760685142204863e+02 1.500000000000000000e+00
2.322580305607797158e+01 1.641463030771131173e+02 1.500000000000000000e+00
2.322580394921702407e+01 1.603165051264654437e+02 1.500000000000000000e+00
2.032258299193672002e+01 1.871250240426902565e+02 1.500000000000000000e+00
2.032258417165651920e+01 1.832952281199749223e+02 1.500000000000000000e+00
2.032258244360792787e+01 1.794654306801684527e+02 1.500000000000000000e+00
2.032258301084500474e+01 1.756356648979274837e+02 1.500000000000000000e+00
2.032258341548905278e+01 1.718058633643260009e+02 1.500000000000000000e+00
2.032258346524279347e+01 1.679760673198322536e+02 1.500000000000000000e+00
2.032258226027059678e+01 1.641463040576592505e+02 1.500000000000000000e+00
2.032258380241485440e+01 1.603165049616879401e+02 1.500000000000000000e+00
1.741935544202019059e+01 1.871250240943564620e+02 1.500000000000000000e+00
1.741935653957864005e+01 1.832952273243845411e+02 1.500000000000000000e+00
1.741935793578171499e+01 1.794654305874441889e+02 1.500000000000000000e+00
1.741935568305390802e+01 1.756356651599898839e+02 1.500000000000000000e+00
1.741935607536454356e+01 1.718058638624584660e+02 1.500000000000000000e+00
1.741935749413965340e+01 1.679760678163870580e+02 1.500000000000000000e+00
1.741935750915772374e+01 1.641463020651269744e+02 1.500000000000000000e+00
1.741935708383432413e+01 1.603165029179718033e+02 1.500000000000000000e+00
1.451613031478585114e+01 1.871250245189195027e+02 1.500000000000000000e+00
1.451613018601695693e+01 1.832952280674017516e+02 1.500000000000000000e+00
1.451612926097925893e+01 1.794654306980118861e+02 1.500000000000000000e+00
1.451613056418067238e+01 1.756356645615543073e+02 1.500000000000000000e+00
1.451612984622979852e+01 1.718058639795019644e+02 1.500000000000000000e+00
1.451613115610870430e+01 1.679760675466697535e+02 1.500000000000000000e+00
1.451612955741107314e+01 1.641463026740615589e+02 1.500000000000000000e+00
1.451613017841935260e+01 1.603165076343276212e+02 1.500000000000000000e+00
1.161290367570543758e+01 1.871250252080920973e+02 1.500000000000000000e+00
1.161290407068133668e+01 1.832952277758674029e+02 1.500000000000000000e+00
1.161290353206902637e+01 1.794654306790353360e+02 1.500000000000000000e+00
1.161290362794305153e+01 1.756356650613024613e+02 1.500000000000000000e+00
1.161290389585733962e+01 1.718058632109137136e+02 1.500000000000000000e+00
1.161290423155586282e+01 1.679760671688586342e+02 1.500000000000000000e+00
1.161290409566375459e+01 1.641463022610159612e+02 1.500000000000000000e+00
1.161290414260912662e+01 1.603165044435103823e+02 1.500000000000000000e+00
8.709677422520471168e+00 1.871250245379661976e+02 1.500000000000000000e+00
8.709677118898149217e+00 1.832952277443779678e+02 1.500000000000000000e+00
8.709677644969968213e+00 1.794654306106118042e+02 1.500000000000000000e+00
8.709676805655922394e+00 1.756356649010998296e+02 1.500000000000000000e+00
8.709677743234253811e+00 1.718058627942973828e+02 1.500000000000000000e+00
8.709677532820849777e+00 1.679760673490154090e+02 1.500000000000000000e+00
8.709677683509317703e+00 1.641463017706565779e+02 1.500000000000000000e+00
8.709677660578735825e+00 1.603165028503283054e+02 1.500000000000000000e+00
5.806450666349899592e+00 1.871250246271737865e+02 1.500000000000000000e+00
5.806450457187405156e+00 1.832952275811648519e+02 1.500000000000000000e+00
5.806450419643383931e+00 1.794654306974030646e+02 1.500000000000000000e+00
5.806450629378974604e+00 1.756356644159242819e+02 1.500000000000000000e+00
5.806450474873881440e+00 1.718058638734684109e+02 1.500000000000000000e+00
5.806450342972125256e+00 1.679760696332333509e+02 1.500000000000000000e+00
5.806450792943763872e+00 1.641463015030938664e+02 1.500000000000000000e+00
5.806450723865565600e+00 1.603165042138915055e+02 1.500000000000000000e+00
2.903224193630800531e+00 1.871250251002326479e+02 1.500000000000000000e+00
2.903223899295273469e+00 1.832952276271564926e+02 1.500000000000000000e+00
2.903223965262336836e+00 1.794654306435318745e+02 1.500000000000000000e+00
2.903223946722130133e+00 1.756356653211341836e+02 1.500000000000000000e+00
2.903224088417004634e+00 1.718058625810114393e+02 1.500000000000000000e+00
2.903224059456801509e+00 1.679760691189244994e+02 1.500000000000000000e+00
2.903224029984438292e+00 1.641463030002162213e+02 1.500000000000000000e+00
2.903224111916218320e+00 1.603165036668739276e+02 1.500000000000000000e+00
0.000000000000000000e+00 1.871250181018797036e+02 1.500000000000000000e+00
0.000000000000000000e+00 1.832952273985909244e+02 1.500000000000000000e+00
0.000000000000000000e+00 1.794654417396888846e+02 1.500000000000000000e+00
0.000000000000000000e+00 1.756356575707902152e+02 1.500000000000000000e+00
0.000000000000000000e+00 1.718058706662270652e+02 1.500000000000000000e+00
0.000000000000000000e+00 1.679760822711226922e+02 1.500000000000000000e+00
0.000000000000000000e+00 1.641462955175472302e+02 1.500000000000000000e+00
0.000000000000000000e+00 1.603165077414088842e+02 1.500000000000000000e+00
