1.741935628653672197e+01 2.062739517651006906e+02 8.500000000000000000e+01
1.741935613100389091e+01 2.024441539712180713e+02 8.500000000000000000e+01
1.741935708270226613e+01 1.986143873219750731e+02 8.500000000000000000e+01
1.741935689532095921e+01 1.947845908061467526e+02 8.500000000000000000e+01
1.741935583271290611e+01 1.909547924088141997e+02 8.500000000000000000e+01
1.741935544202019059e+01 1.871250240943564620e+02 8.500000000000000000e+01
1.741935653957864005e+01 1.832952273243845411e+02 8.500000000000000000e+01
1.741935793578171499e+01 1.794654305874441889e+02 8.500000000000000000e+01
1.741935568305390802e+01 1.756356651599898839e+02 8.500000000000000000e+01
1.741935607536454356e+01 1.718058638624584660e+02 8.500000000000000000e+01
1.741935749413965340e+01 1.679760678163870580e+02 8.500000000000000000e+01
1.741935750915772374e+01 1.641463020651269744e+02 8.500000000000000000e+01
1.741935708383432413e+01 1.603165029179718033e+02 8.500000000000000000e+01
1.741935699219997957e+01 1.564867086227007462e+02 8.500000000000000000e+01
1.741935637493208944e+01 1.526569383832579376e+02 8.500000000000000000e+01
1.741935636053882774e+01 1.488271411793801633e+02 8.500000000000000000e+01
1.741935637327620512e+01 1.449973452892141381e+02 8.500000000000000000e+01
1.741935702035701539e+01 1.411675804802355856e+02 8.500000000000000000e+01
1.451613056526320911e+01 2.062739541032472061e+02 8.500000000000000000e+01
1.451612902179704001e+01 2.024441543889243746e+02 8.500000000000000000e+01
1.451612996490604957e+01 1.986143849742323368e+02 8.500000000000000000e+01
1.451613050309415343e+01 1.947845906059353922e+02 8.500000000000000000e+01
1.451613003684508385e+01 1.909547917102808015e+02 8.500000000000000000e+01
1.451613031478585114e+01 1.871250245189195027e+02 8.500000000000000000e+01
1.451613018601695693e+01 1.832952280674017516e+02 8.500000000000000000e+01
1.451612926097925893e+01 1.794654306980118861e+02 8.500000000000000000e+01
1.451613056418067238e+01 1.756356645615543073e+02 8.500000000000000000e+01
1.451612984622979852e+01 1.718058639795019644e+02 8.500000000000000000e+01
1.451613115610870430e+01 1.679760675466697535e+02 8.500000000000000000e+01
1.451612955741107314e+01 1.641463026740615589e+02 8.500000000000000000e+01
1.451613017841935260e+01 1.603165076343276212e+02 8.500000000000000000e+01
1.451613088493267156e+01 1.564867097954480926e+02 8.500000000000000000e+01
1.451613010856013020e+01 1.526569409036652871e+02 8.500000000000000000e+01
1.451613136440631457e+01 1.488271413997088644e+02 8.500000000000000000e+01
1.451613078883744024e+01 1.449973456812016934e+02 8.500000000000000000e+01
1.451612980877653492e+01 1.411675804012729998e+02 8.500000000000000000e+01
1.161290364757854476e+01 2.062739509820699766e+02 8.500000000000000000e+01
1.161290346091463199e+01 2.024441535802228600e+02 8.500000000000000000e+01
1.161290393919669661e+01 1.986143864676333521e+02 8.500000000000000000e+01
1.161290325992739803e+01 1.947845874143300193e+02 8.500000000000000000e+01
1.161290339457079668e+01 1.909547931452974865e+02 8.500000000000000000e+01
1.161290367570543758e+01 1.871250252080920973e+02 8.500000000000000000e+01
1.161290407068133668e+01 1.832952277758674029e+02 8.500000000000000000e+01
1.161290353206902637e+01 1.794654306790353360e+02 8.500000000000000000e+01
1.161290362794305153e+01 1.756356650613024613e+02 8.500000000000000000e+01
1.161290389585733962e+01 1.718058632109137136e+02 8.500000000000000000e+01
1.161290423155586282e+01 1.679760671688586342e+02 8.500000000000000000e+01
1.161290409566375459e+01 1.641463022610159612e+02 8.500000000000000000e+01
1.161290414260912662e+01 1.603165044435103823e+02 8.500000000000000000e+01
1.161290384242829887e+01 1.564867108186179792e+02 8.500000000000000000e+01
1.161290361340097732e+01 1.526569372453016058e+02 8.500000000000000000e+01
1.161290389610028306e+01 1.488271404626834169e+02 8.500000000000000000e+01
1.161290405029892980e+01 1.449973448363588773e+02 8.500000000000000000e+01
1.161290380463589855e+01 1.411675778357635807e+02 8.500000000000000000e+01
8.709677331636635600e+00 2.062739504753804169e+02 8.500000000000000000e+01
8.709677112380131092e+00 2.024441575942538805e+02 8.500000000000000000e+01
8.709677719923751837e+00 1.986143884832215463e+02 8.500000000000000000e+01
8.709677014852520216e+00 1.947845888854655527e+02 8.500000000000000000e+01
8.709677077062986328e+00 1.909547919350780489e+02 8.500000000000000000e+01
8.709677422520471168e+00 1.871250245379661976e+02 8.500000000000000000e+01
8.709677118898149217e+00 1.832952277443779678e+02 8.500000000000000000e+01
8.709677644969968213e+00 1.794654306106118042e+02 8.500000000000000000e+01
8.709676805655922394e+00 1.756356649010998296e+02 8.500000000000000000e+01
8.709677743234253811e+00 1.718058627942973828e+02 8.500000000000000000e+01
8.709677532820849777e+00 1.679760673490154090e+02 8.500000000000000000e+01
8.709677683509317703e+00 1.641463017706565779e+02 8.500000000000000000e+01
8.709677660578735825e+00 1.603165028503283054e+02 8.500000000000000000e+01
8.709676413425125219e+00 1.564867124583632290e+02 8.500000000000000000e+01
8.709677235692357300e+00 1.526569363868982236e+02 8.500000000000000000e+01
8.709677332400866945e+00 1.488271394073390752e+02 8.500000000000000000e+01
8.709677038624644041e+00 1.449973462976264784e+02 8.500000000000000000e+01
8.709676860234687013e+00 1.411675784935865750e+02 8.500000000000000000e+01
5.806450664305098819e+00 2.062739509807680918e+02 8.500000000000000000e+01
5.806450500818612248e+00 2.024441568101030668e+02 8.500000000000000000e+01
5.806450778508118304e+00 1.986143874117590258e+02 8.500000000000000000e+01
5.806450593383583936e+00 1.947845893117693947e+02 8.500000000000000000e+01
5.806450912977311418e+00 1.909547940856019181e+02 8.500000000000000000e+01
5.806450666349899592e+00 1.871250246271737865e+02 8.500000000000000000e+01
5.806450457187405156e+00 1.832952275811648519e+02 8.500000000000000000e+01
5.806450419643383931e+00 1.794654306974030646e+02 8.500000000000000000e+01
5.806450629378974604e+00 1.756356644159242819e+02 8.500000000000000000e+01
5.806450474873881440e+00 1.718058638734684109e+02 8.500000000000000000e+01
5.806450342972125256e+00 1.679760696332333509e+02 8.500000000000000000e+01
5.806450792943763872e+00 1.641463015030938664e+02 8.500000000000000000e+01
5.806450723865565600e+00 1.603165042138915055e+02 8.500000000000000000e+01
5.806450821933241357e+00 1.564867094337604101e+02 8.500000000000000000e+01
5.806450188757978026e+00 1.526569411652741906e+02 8.500000000000000000e+01
5.806450498970780139e+00 1.488271456309958296e+02 8.500000000000000000e+01
5.806450911609650767e+00 1.449973434131741499e+02 8.500000000000000000e+01
5.806450554532730735e+00 1.411675785950521629e+02 8.500000000000000000e+01
